county.ind	state.county	state	county	state.name	county.name	area.land.sqmi	Xcentroid	Ycentroid	avgGDD	avgGDD.9403	avgGDD.0418	avgPCP	avgPCP.9403	avgPCP.0418	perc.open	perc.crop	surveyed
1	17007	17	007	IL	Boone County	280.72	-88.8250460287944	42.3222962149297	920.87628	916.8117	923.586	570.769856	544.46249	588.3081	93.6099279037914	74.6987211326681	1
2	17011	17	011	IL	Bureau County	869.03	-89.535050279118	41.4068062121977	1017.37928	997.2634	1030.78986666667	572.572452	544.68452	591.164406666667	90.4771696612027	80.3130541104417	0
3	17015	17	015	IL	Carroll County	444.81	-89.9394163937188	42.0705984985316	958.01888	933.7023	974.229933333333	605.875496	590.7936	615.930093333333	86.1080350196022	62.2099514288088	1
4	17019	17	019	IL	Champaign County	996.27	-88.2037833771613	40.14294872926	1082.2538	1063.1699	1094.9764	568.455696	556.31074	576.552333333333	98.2309016518588	84.3167610512618	1
5	17031	17	031	IL	Cook County	945.33	-87.8211314056628	41.8434960162298	1004.75396	988.2302	1015.7698	545.281828	521.60679	561.065186666667	91.4979493194348	1.88102991735698	1
6	17037	17	037	IL	DeKalb County	631.31	-88.7759197077337	41.8958327732626	933.21936	933.7078	932.893733333333	551.221244	539.08619	559.31128	97.2738804812656	84.4110478385145	1
7	17039	17	039	IL	De Witt County	397.51	-88.9075195226112	40.1797721924326	1091.01504	1081.054	1097.65573333333	545.458172	559.56919	536.050826666667	93.4794598310761	79.7154518871155	0
8	17043	17	043	IL	DuPage County	327.5	-88.0921808694911	41.8556780827053	979.49184	970.8647	985.243266666667	553.60866	535.88404	565.425073333333	92.7345000483618	2.7981191946359	1
9	17053	17	053	IL	Ford County	485.62	-88.2271665372088	40.6042094487579	1048.64364	1031.0604	1060.3658	542.968812	540.74844	544.44906	99.3904991931531	90.9500596456606	0
10	17057	17	057	IL	Fulton County	865.59	-90.2115382964113	40.4773272679878	1093.7152	1062.4165	1114.581	565.8063332	571.92874	561.724728666667	67.0875690521322	47.4503325549893	0
11	17063	17	063	IL	Grundy County	418.04	-88.425430791591	41.2876954448792	1025.0908	1001.3268	1040.93346666667	544.460108	518.61931	561.687306666667	91.8290614635506	73.6176150512	0
12	17067	17	067	IL	Hancock County	793.73	-91.1723043401463	40.407387721178	1119.71876	1091.509	1138.52526666667	582.290548	593.26376	574.975073333333	81.6226038115404	60.0394647507827	1
13	17071	17	071	IL	Henderson County	378.87	-90.9308226512154	40.8220235864564	1100.99216	1079.989	1114.99426666667	557.21697514	543.36669	566.450498566667	80.9161232981574	61.8327788032617	0
14	17073	17	073	IL	Henry County	822.99	-90.137913757834	41.3549374333496	1033.8784	1018.5715	1044.083	575.05708	544.48015	595.4417	93.2607226751563	79.6359299904471	0
15	17075	17	075	IL	Iroquois County	1117.32	-87.8291911621368	40.7495751839572	1044.57664	1027.8298	1055.7412	550.108352	549.92922	550.227773333333	97.1810246698353	87.934844523891	1
16	17085	17	085	IL	Jo Daviess County	601.09	-90.2126930652514	42.3662604935534	912.37232	892.3899	925.693933333333	612.167208	564.67683	643.82746	76.8208330905122	36.953150328247	0
17	17089	17	089	IL	Kane County	520.06	-88.4340131395199	41.9406414864604	933.09904	924.4929	938.836466666667	567.202748	552.63932	576.9117	93.5193419516335	47.3666317287946	1
18	17091	17	091	IL	Kankakee County	676.56	-87.8650842392532	41.1411605119465	1022.22488	1006.3617	1032.80033333333	558.736184	558.71885	558.74774	95.2746069373738	79.4410912281635	1
19	17093	17	093	IL	Kendall County	320.34	-88.4364419053524	41.5916395543895	980.4364	961.4663	993.083133333333	547.00072	526.25936	560.828293333333	94.5038244734192	71.0035670826658	1
20	17095	17	095	IL	Knox County	716.39	-90.2199401797006	40.9336930320028	1042.07364	1020.3754	1056.53913333333	559.29144	557.68685	560.361166666667	81.4574586726595	63.8881301470996	0
21	17097	17	097	IL	Lake County	443.67	-88.0034333464496	42.3200517228444	886.3768	886.0717	886.5802	522.656024	489.38103	544.839353333333	82.9998223660092	9.77773074466437	1
22	17099	17	099	IL	LaSalle County	1135.12	-88.8937039599628	41.3458792163558	1018.549	997.9256	1032.29793333333	535.846244	499.419	560.131073333333	93.0417326216034	76.7155765448064	1
23	17103	17	103	IL	Lee County	724.9	-89.3042435614196	41.7482538249813	963.66556	942.5537	977.740133333333	583.8218772	570.361093	592.795733333333	94.0990565811728	83.5342510385273	1
24	17105	17	105	IL	Livingston County	1044.29	-88.5634840488864	40.8955837158638	1054.24132	1030.9859	1069.74493333333	524.131444	516.23563	529.39532	98.3517738657707	89.2099679597532	0
25	17107	17	107	IL	Logan County	618.06	-89.3740588959589	40.1275617840339	1118.00948	1101.8045	1128.8128	529.8237692	554.34891	513.473675333333	96.7855908960295	86.3457214447119	0
26	17109	17	109	IL	McDonough County	589.41	-90.6848256862233	40.4577524035012	1087.29204	1060.6572	1105.0486	563.6642736	584.30182	549.905909333333	84.3133683142133	68.2567137216925	1
27	17111	17	111	IL	McHenry County	603.17	-88.453960961795	42.323802576539	912.5564	910.9285	913.641666666667	559.022668	530.29907	578.171733333333	87.6438267018051	47.8218879663262	1
28	17113	17	113	IL	McLean County	1183.38	-88.853459557608	40.4936794210681	1067.67192	1046.7287	1081.63406666667	527.019224	531.96364	523.722946666667	97.223654219829	83.1933658428028	1
29	17123	17	123	IL	Marshall County	386.79	-89.3531419745491	41.035674787134	1066.43844	1040.8032	1083.5286	534.934432	525.33436	541.33448	86.9644784955598	72.1655928956991	0
30	17125	17	125	IL	Mason County	539.24	-89.9233282640021	40.2449244820876	1130.77272	1103.0618	1149.24666666667	552.3826176	543.84793	558.072409333333	87.4739081603769	71.6563942888623	1
31	17129	17	129	IL	Menard County	314.44	-89.805857600107	40.0321401471421	1128.64172	1101.5557	1146.69906666667	529.1862168	531.86411	527.400954666667	88.3507201808482	73.6538208935784	0
32	17131	17	131	IL	Mercer County	561.2	-90.7452624376301	41.2074794157723	1045.29212	1021.1237	1061.4044	559.9442836	548.65735	567.468906	86.4805435975352	71.2318368725054	0
33	17141	17	141	IL	Ogle County	758.57	-89.3253973851634	42.0426493754501	951.63012	927.4047	967.7804	572.0179	552.31989	585.149906666667	88.9568796062044	73.358437128458	0
34	17143	17	143	IL	Peoria County	619.21	-89.7640966727519	40.7926075275325	1071.36584	1045.3098	1088.73653333333	533.750976	525.39859	539.319233333333	75.6147859169639	50.8535968768218	1
35	17147	17	147	IL	Piatt County	439.2	-88.5953643284475	40.0138744512189	1106.60688	1094.7649	1114.50153333333	532.2936208	540.1712	527.041901333333	96.8772991533301	87.9156694785627	0
36	17155	17	155	IL	Putnam County	160.16	-89.2903081863568	41.2076074067571	1050.1354	1028.9884	1064.2334	549.993116	524.96386	566.679286666667	79.6250532247582	55.3720843528379	0
37	17161	17	161	IL	Rock Island County	427.64	-90.5634735308948	41.4725127669886	1044.60456	1020.3949	1060.74433333333	584.355962	557.421845	602.31204	79.3591673095651	45.8680867343712	0
38	17169	17	169	IL	Schuyler County	437.27	-90.6220982022004	40.1598215662017	1105.5014	1070.3011	1128.96826666667	550.6960544	564.5163	541.482557333333	59.4609041770125	42.0827435488468	0
39	17175	17	175	IL	Stark County	288.08	-89.8038866330594	41.0968932499968	1035.84156	1017.7708	1047.88873333333	549.94568	548.75529	550.739273333333	94.9801977286207	86.0451580015391	0
40	17177	17	177	IL	Stephenson County	564.52	-89.6635416431706	42.3496857814235	935.83716	912.2628	951.5534	587.490736	563.3421	603.589826666667	93.3331219311712	66.6927810514024	0
41	17179	17	179	IL	Tazewell County	648.97	-89.5184683113672	40.5098780973497	1096.7922	1073.809	1112.11433333333	527.699016	521.96695	531.520393333333	89.0973415448771	67.5729289341082	0
42	17183	17	183	IL	Vermilion County	898.37	-87.7380433144466	40.1863835979824	1082.68728	1061.8361	1096.58806666667	574.910624	585.68992	567.724426666667	90.9427246393887	77.6165974601989	1
43	17187	17	187	IL	Warren County	542.41	-90.6211641739397	40.8506818168686	1062.92284	1041.2887	1077.3456	569.66623388	561.03217	575.422276466667	91.2353703614805	78.1644664202391	0
44	17195	17	195	IL	Whiteside County	684.25	-89.9174342283259	41.7583036704944	1004.77576	978.3655	1022.3826	569.661952	554.80459	579.56686	92.1321453709293	77.592798082294	1
45	17197	17	197	IL	Will County	836.91	-87.9852966337407	41.44815751759	1012.10128	991.167	1026.05746666667	564.883896	548.10403	576.070473333333	90.5121085980274	43.1271556585396	1
46	17201	17	201	IL	Winnebago County	513.36	-89.1632802629711	42.3344911342292	937.22264	919.6405	948.944066666667	571.662596	532.80906	597.564953333333	88.193509404437	49.6533374062001	1
47	17203	17	203	IL	Woodford County	527.8	-89.2160689801447	40.7901390299044	1066.39232	1040.1594	1083.88093333333	528.507484	537.3022	522.64434	89.4450403916644	71.4711945663171	1
48	18001	18	001	IN	Adams County	339.03	-84.9338373147678	40.7623542033989	1015.54472	992.3466	1031.01013333333	551.438084	550.09938	552.330553333333	95.3296351130652	82.0387442229579	0
49	18003	18	003	IN	Allen County	657.31	-85.0645566189241	41.1044797907911	989.4298	968.1681	1003.60426666667	539.281192	537.50162	540.467573333333	90.8991303226422	60.459458128404	1
50	18007	18	007	IN	Benton County	406.42	-87.3178798931659	40.6129654432092	1010.24268	1002.342	1015.5098	579.354892	578.02557	580.241106666667	98.9249609987025	91.8278187377884	0
51	18009	18	009	IN	Blackford County	165.08	-85.3232205496275	40.4914681258054	1014.96292	991.8268	1030.387	555.902316	557.08331	555.114986666667	91.9830384946664	81.4569278317568	0
52	18011	18	011	IN	Boone County	422.91	-86.4779534043308	40.0601941090721	1023.34164	1018.4218	1026.62153333333	550.677506	528.116905	565.717906666667	96.323101474521	81.3309676851708	1
53	18015	18	015	IN	Carroll County	372.22	-86.5656299772877	40.5925291777399	1022.06964	1010.9231	1029.50066666667	592.549864	580.33328	600.694253333333	89.4138427969298	78.1046906129013	0
54	18017	18	017	IN	Cass County	412.15	-86.3474208898093	40.7728482091827	997.57032	981.4586	1008.31146666667	583.038312	581.50809	584.05846	89.7360299300915	74.2397944633393	0
55	18023	18	023	IN	Clinton County	405.07	-86.4784549201183	40.3105977966011	1018.3262	1007.0635	1025.83466666667	574.19526	556.14089	586.231506666667	95.7393447437758	85.8207729077899	0
56	18033	18	033	IN	DeKalb County	362.82	-84.9955796374804	41.4075598587287	940.99676	924	952.327933333333	516.026304	535.1185	503.298173333333	85.4521270044585	63.1624921129072	1
57	18035	18	035	IN	Delaware County	392.12	-85.3959988187137	40.2374223512508	1014.10416	991.3223	1029.29206666667	543.169364	557.01884	533.93638	92.4152217915462	70.5070793015756	1
58	18039	18	039	IN	Elkhart County	463.17	-85.8658453609634	41.604012984676	953.90904	928.7013	970.7142	533.33294	538.53589	529.864306666667	86.6436318738154	41.8752653261344	1
59	18045	18	045	IN	Fountain County	395.66	-87.2496998933239	40.1318756083016	1075.67364	1055.9192	1088.84326666667	565.755964	547.44462	577.963526666667	81.1522387022218	65.5658664164255	0
60	18049	18	049	IN	Fulton County	368.39	-86.2716599316629	41.0520800055072	979.67888	962.2229	991.3162	561.846812	580.57462	549.361606666667	91.2991988058247	77.3830195576677	0
61	18053	18	053	IN	Grant County	414.07	-85.6565607914888	40.5312508826579	1004.61508	979.1404	1021.5982	560.593476	571.98557	552.998746666667	92.4570209709468	76.3320813866065	0
62	18057	18	057	IN	Hamilton County	394.27	-86.0571337588463	40.0802174078979	1031.71024	1009.2071	1046.71233333333	564.1628932	537.346713	582.040346666667	95.2177520016406	58.7207560450096	0
63	18067	18	067	IN	Howard County	293.06	-86.1175019451871	40.4945704288114	1004.12432	979.8164	1020.3296	585.977288	567.75308	598.12676	95.6055953142425	77.5469652977548	0
64	18069	18	069	IN	Huntington County	382.65	-85.4927158760084	40.8398192278296	990.73	969.8161	1004.6726	562.886412	568.1679	559.36542	88.5837450215822	72.5219780376051	0
65	18073	18	073	IN	Jasper County	559.62	-87.1178822623347	41.0279730023582	993.12148	984.1856	999.078733333333	575.063608	577.37279	573.524153333333	89.1866572733952	77.6264487326953	0
66	18075	18	075	IN	Jay County	383.91	-84.9985543362188	40.451856858336	1016.92628	991.4932	1033.88166666667	537.406152	537.67828	537.224733333333	91.365780744396	80.1390652731899	0
67	18085	18	085	IN	Kosciusko County	531.38	-85.8672654586283	41.2498420681348	963.33632	943.7921	976.3658	548.1111444	572.91866	531.572800666667	88.4829803714874	69.9777595245513	0
68	18087	18	087	IN	LaGrange County	379.62	-85.428407241499	41.6497540179446	934.90184	918.363	945.927733333333	523.174652	522.36908	523.7117	80.252979080399	45.7805066392512	1
69	18089	18	089	IN	Lake County	498.96	-87.3907544917098	41.4223861892449	986.71912	979.4944	991.5356	567.698084	560.09625	572.765973333333	90.1640744086264	36.5371478575058	1
70	18091	18	091	IN	LaPorte County	598.3	-86.7452149868101	41.5508653529224	946.61732	939.8738	951.113	548.46574	526.27411	563.26016	80.670864436592	55.9778909463403	1
71	18095	18	095	IN	Madison County	451.92	-85.7220985437897	40.1741090490768	1026.54712	1006.8764	1039.66093333333	563.695104	551.6325	571.73684	94.9571108277034	74.6827093612544	0
72	18099	18	099	IN	Marshall County	443.63	-86.2707453829123	41.3311850837692	960.79	945.9827	970.661533333333	558.239048	575.54692	546.700466666667	86.0689842943723	70.6938052855054	0
73	18103	18	103	IN	Miami County	373.84	-86.0469386026511	40.7834685712951	992.63096	969.4569	1008.08033333333	575.602996	578.52449	573.655333333333	90.2866220805864	73.7574217537149	0
74	18107	18	107	IN	Montgomery County	504.61	-86.9045584953589	40.052014007194	1041.37036	1030.0408	1048.9234	593.860428	562.28912	614.907966666667	90.6536024447699	77.9825842415055	0
75	18111	18	111	IN	Newton County	401.76	-87.4006153427822	40.963153159567	1006.10948	997.4758	1011.86526666667	573.236508	566.8466	577.496446666667	87.797804995933	76.3829081362001	1
76	18113	18	113	IN	Noble County	410.84	-85.4249668491837	41.4092920826333	940.4308	922.3141	952.5086	509.3379248	534.78805	492.371174666667	82.2555372701269	62.271788957881	1
77	18127	18	127	IN	Porter County	418.15	-87.0773267432856	41.4647381937286	962.59788	953.3441	968.767066666667	555.39946	539.903	565.730433333333	82.3231956198306	44.2039500426852	1
78	18131	18	131	IN	Pulaski County	433.65	-86.7038534313387	41.0462941574488	987.1316	982.9239	989.936733333333	573.396608	558.35358	583.425293333333	86.2438621705799	77.2041919771622	0
79	18135	18	135	IN	Randolph County	452.38	-85.0071226148998	40.1655203129315	997.17544	962.7622	1020.1176	544.495152	547.33861	542.599513333333	93.3866938422043	82.2173827886094	0
80	18141	18	141	IN	St. Joseph County	457.85	-86.2938893971565	41.6236993861699	953.71168	941.4652	961.876	534.292944	525.53249	540.133246666667	86.1549374539645	47.1325580834616	0
81	18149	18	149	IN	Starke County	309.13	-86.6528973960342	41.2840581411788	976.59968	964.9543	984.363266666667	560.63956	548.20221	568.931126666667	76.2626358709337	61.8376274498174	0
82	18151	18	151	IN	Steuben County	308.94	-84.9920205300259	41.6479672946508	906.07144	896.5344	912.429466666667	515.5524372	524.36747	509.675748666667	75.914910002988	37.7217310063589	1
83	18157	18	157	IN	Tippecanoe County	499.81	-86.9009474627342	40.4022590449185	1045.73152	1032.5068	1054.548	559.356968	539.41748	572.64996	86.9193343201951	64.9644442192586	0
84	18159	18	159	IN	Tipton County	260.54	-86.0532690619831	40.3193942564632	1009.62216	984.9336	1026.0812	579.7609	558.86548	593.69118	98.3138529616249	89.571023127049	0
85	18169	18	169	IN	Wabash County	412.43	-85.7973420095076	40.8542157520702	987.2226	963.361	1003.13033333333	569.342044	583.13167	560.14896	88.3219214388242	73.6153016425387	0
86	18171	18	171	IN	Warren County	364.68	-87.3616148510851	40.35669538507	1046.73204	1028.5733	1058.83786666667	576.042488	568.07607	581.353433333333	86.3868467465871	73.9656186036269	0
87	18179	18	179	IN	Wells County	368.09	-85.2261629699825	40.7467423586375	1005.514	985.4398	1018.8968	559.837096	560.01597	559.717846666667	94.1083513229297	83.9407655427239	0
88	18181	18	181	IN	White County	505.12	-86.8702533523733	40.7593289284843	1009.62148	1004.1616	1013.2614	581.991136	568.44925	591.01906	95.114259465278	84.980313749398	0
89	18183	18	183	IN	Whitley County	335.57	-85.509313211891	41.1468240919287	959.06792	938.8987	972.514066666667	541.608744	552.96082	534.040693333333	88.0366761521136	74.8782269101651	1
90	19001	19	001	IA	Adair County	569.27	-94.4786841717716	41.3333035406607	1022.12084	1007.6815	1031.74706666667	586.481244	510.41829	637.18988	96.6101851084022	61.2467712757952	0
91	19003	19	003	IA	Adams County	423.44	-94.7079859680502	41.0339171781644	1051.20772	1029.1164	1065.93526666667	579.849176	501.13345	632.326326666667	93.1154104609922	51.4286517220773	0
92	19005	19	005	IA	Allamakee County	639.08	-91.3788755217756	43.2846132824689	871.22484	847.1311	887.287333333333	644.203692	608.94883	667.706933333333	66.5223950102044	24.9452274713792	1
93	19007	19	007	IA	Appanoose County	497.29	-92.8731402310601	40.7442617309609	1043.6152	1015.2067	1062.5542	617.4359084	576.68372	644.604034	78.2500228628605	22.1981564465197	1
94	19009	19	009	IA	Audubon County	442.96	-94.9152975941599	41.6836819831321	982.93316	978.11	986.1486	594.4844556	537.77593	632.290139333333	98.6363122569854	80.899992806887	0
95	19011	19	011	IA	Benton County	716.26	-92.0693317213213	42.0770850778747	968.4988	955.5177	977.152866666667	588.401064	547.99505	615.338406666667	95.5004078643532	77.4316815226425	0
96	19013	19	013	IA	Black Hawk County	565.77	-92.314065632306	42.4663593946295	959.27932	952.0969	964.0676	612.5579532	596.349383	623.363666666667	94.1497427671957	71.5168794118944	0
97	19015	19	015	IA	Boone County	571.57	-93.9379553079999	42.0337715868545	986.87304	973.0477	996.089933333333	598.260292	548.0142	631.757686666667	90.9712680234293	75.6657552581838	1
98	19017	19	017	IA	Bremer County	435.48	-92.3226415202789	42.7766515154414	924.74992	919.9989	927.917266666667	633.27352	595.41771	658.510726666667	92.146834052809	71.5398050551429	0
99	19019	19	019	IA	Buchanan County	571.02	-91.8408382072474	42.4693705071765	937.37084	928.8895	943.025066666667	608.679778	593.159085	619.026906666667	95.6540434288522	80.1655998251139	0
100	19021	19	021	IA	Buena Vista County	574.91	-95.1593197784618	42.7373218575572	951.30756	922.1978	970.714066666667	536.964544	523.77708	545.756186666667	98.9933345748288	84.6057490609727	1
101	19023	19	023	IA	Butler County	580.13	-92.7928346734539	42.7316333752974	941.6908	933.5312	947.130533333333	604.453244	577.53455	622.39904	95.3231694097932	78.3163902056027	1
102	19025	19	025	IA	Calhoun County	569.97	-94.650038475901	42.3845842018202	969.66796	958.714	976.9706	560.1093624	532.51629	578.504744	99.5648774020104	88.3058970466237	0
103	19027	19	027	IA	Carroll County	569.44	-94.8696919978053	42.0342612768774	975.06112	963.5605	982.7282	573.15088	532.94876	599.952293333333	98.9823938866333	85.0302024169295	0
104	19029	19	029	IA	Cass County	564.27	-94.9356534977775	41.3336287322122	1038.63492	1022.1503	1049.62466666667	586.593334	525.93496	627.03225	97.9579980270692	69.9983693249563	0
105	19031	19	031	IA	Cedar County	579.44	-91.1345940787813	41.7709217446137	992.98944	964.2846	1012.126	583.76624	542.48067	611.289953333333	93.1269637415704	73.667973063271	1
106	19033	19	033	IA	Cerro Gordo County	568.31	-93.2637597071752	43.0820351042354	902.6788	887.3526	912.896266666667	600.124476	560.00979	626.8676	98.2114812940912	78.956670910478	0
107	19035	19	035	IA	Cherokee County	576.91	-95.6337297863328	42.7389147543873	961.40656	933.542	979.982933333333	528.528252	493.73266	551.725313333333	97.558861687048	80.3613386829397	1
108	19037	19	037	IA	Chickasaw County	504.38	-92.3215356939333	43.0651973163269	883.76036	874.5076	889.928866666667	633.138776	593.8555	659.327626666667	94.6455927830208	73.0003626307924	0
109	19039	19	039	IA	Clarke County	431.17	-93.7905149284984	41.031444459741	1027.21492	997.8172	1046.8134	598.431076	538.81796	638.173153333333	81.8069255615546	25.6815522961766	0
110	19041	19	041	IA	Clay County	567.24	-95.1605367267025	43.0830707091605	951.78444	922.412	971.366066666667	511.039888	480.71708	531.255093333333	98.2230927658638	80.6865615087975	0
111	19043	19	043	IA	Clayton County	778.54	-91.3427060105319	42.8477793351335	903.59988	876.9227	921.384666666667	624.159336	593.05443	644.89594	74.324313808226	40.3814693634741	0
112	19045	19	045	IA	Clinton County	694.91	-90.5357902952648	41.8990619526661	970.75552	949.079	985.206533333333	566.348184	532.30716	589.0422	91.8952471177014	68.0986089041991	1
113	19047	19	047	IA	Crawford County	714.19	-95.3886784431833	42.0355168846652	987.56868	977.2847	994.424666666667	555.491708	520.49117	578.8254	98.4546054886681	77.152755856716	0
114	19049	19	049	IA	Dallas County	588.45	-94.0472604394994	41.6822390672265	1026.09124	1006.6054	1039.0818	593.867648	528.2698	637.599546666667	90.3254860185166	67.9121368823796	1
115	19051	19	051	IA	Davis County	502.19	-92.4175453130322	40.7494015592997	1069.20084	1057.7967	1076.8036	598.885792	573.65737	615.70474	78.6633654454641	26.2569635134742	0
116	19053	19	053	IA	Decatur County	531.88	-93.790961714054	40.7395082045834	1036.75984	1001.5295	1060.24673333333	601.508944	536.52592	644.83096	79.0312754388528	20.7793681771692	0
117	19055	19	055	IA	Delaware County	577.76	-91.3703702092583	42.4711121284934	914.40376	898.3292	925.120133333333	624.753064	597.15976	643.1486	92.1146422837362	73.2944224466154	1
118	19057	19	057	IA	Des Moines County	416.12	-91.1878156815315	40.9217966540177	1081.83384	1061.9734	1095.07413333333	570.96601528	546.79541	587.079752133333	80.2635306052541	54.6949520434244	0
119	19059	19	059	IA	Dickinson County	380.61	-95.1591770253332	43.3763037566302	921.76232	891.6196	941.857466666667	516.475796	471.46993	546.479706666667	98.3440230762705	72.1059641978451	1
120	19061	19	061	IA	Dubuque County	608.3	-90.8829972712661	42.471768369822	886.317	870.1806	897.0746	622.679876	583.64754	648.701433333333	83.3595666969473	42.4660391999302	1
121	19063	19	063	IA	Emmet County	395.88	-94.6888435696479	43.3757056640534	920.812	909.9409	928.0594	507.688236	499.39502	513.217046666667	98.7798376136878	81.5012022162595	0
122	19065	19	065	IA	Fayette County	730.81	-91.848856655238	42.8630899500695	891.57548	870.5431	905.597066666667	638.52118	599.42288	664.586713333333	90.9518663488436	66.4224079376174	0
123	19067	19	067	IA	Floyd County	500.63	-92.7931034636674	43.0629304919477	906.99948	905.2145	908.189466666667	619.122256	597.06473	633.827273333333	95.8851576834682	76.7514454347085	0
124	19069	19	069	IA	Franklin County	581.97	-93.2644324373527	42.7318013453212	923.17456	900.0566	938.586533333333	609.67528	566.23864	638.63304	98.0709960264512	85.1696016187446	0
125	19071	19	071	IA	Fremont County	511.15	-95.6093347008239	40.7501052504848	1115.97912	1090.6648	1132.85533333333	565.748988	534.2502	586.74818	93.423062494689	67.106331266965	1
126	19073	19	073	IA	Greene County	569.57	-94.4047854089935	42.0342171158972	998.78628	988.4685	1005.6648	565.7534328	530.37026	589.342214666667	96.8239880081476	83.4629701351235	0
127	19075	19	075	IA	Grundy County	501.86	-92.7978501025869	42.3993482876252	949.94724	942.3945	954.9824	599.687316	541.30608	638.60814	99.4876981857987	88.7419422033522	0
128	19077	19	077	IA	Guthrie County	590.62	-94.5107762334986	41.6828274221779	1000.98344	989.43	1008.68573333333	599.033922	530.56394	644.680576666667	89.9835742814415	59.107316474183	0
129	19079	19	079	IA	Hamilton County	576.75	-93.7131552677656	42.3819457098255	958.93424	946.8854	966.9668	595.297408	553.46179	623.18782	96.8318186801734	85.6213170313842	1
130	19081	19	081	IA	Hancock County	571	-93.7405686185856	43.0821022402845	908.6	902.735	912.51	569.45348	544.85343	585.853513333333	99.2927963296069	87.3170544510278	0
131	19083	19	083	IA	Hardin County	569.31	-93.2464937713315	42.3801227107521	950.31668	934.9625	960.5528	615.213536	543.01401	663.346553333333	95.9320805921305	79.9914655598501	0
132	19085	19	085	IA	Harrison County	696.85	-95.8203307106842	41.6847719739948	1045.97244	1030.5309	1056.2668	578.7912332	552.90334	596.049828666667	92.9164703602137	70.2167476267372	0
133	19087	19	087	IA	Henry County	434.33	-91.5454259858905	40.9861918114069	1081.91164	1069.8503	1089.95253333333	566.5502668	525.86964	593.670684666667	83.9910074560481	56.9297578806062	0
134	19089	19	089	IA	Howard County	473.25	-92.3191340952962	43.3577344090996	850.24436	831.0199	863.060666666667	634.67238	612.98974	649.127473333333	96.0286743102039	74.318893086207	1
135	19091	19	091	IA	Humboldt County	434.35	-94.2163077711343	42.7802111838901	952.40156	939.7802	960.8158	560.534692	536.45547	576.587506666667	98.0032110439685	87.0456025132108	0
136	19093	19	093	IA	Ida County	431.51	-95.5231431562623	42.3876893874503	971.9078	958.5513	980.812133333333	547.368736	515.09936	568.881653333333	99.6388947669512	82.3896026152773	0
137	19095	19	095	IA	Iowa County	586.46	-92.0663228142814	41.6836187367393	992.91148	980.322	1001.30446666667	580.5936756	522.18044	619.535832666667	92.3459584237963	55.6636983529157	0
138	19097	19	097	IA	Jackson County	636.04	-90.5735225650412	42.1735109417751	929.24716	910.518	941.733266666667	590.897324	549.67829	618.37668	76.6768150451284	30.0767195838536	1
139	19099	19	099	IA	Jasper County	730.42	-93.0573385317646	41.6873865715	1007.87216	991.9019	1018.519	569.3438892	522.165933	600.79586	95.1439797133049	67.7764551242751	1
140	19101	19	101	IA	Jefferson County	435.51	-91.9499172139704	41.0305578151593	1071.6718	1062.7053	1077.64946666667	582.617804	543.43412	608.74026	83.8996026093412	48.8708978175264	1
141	19103	19	103	IA	Johnson County	614.04	-91.5899014493965	41.668154800569	1027.28024	1011.3622	1037.89226666667	586.3610792	554.08634	607.877572	89.1196362026659	50.9524213750304	1
142	19105	19	105	IA	Jones County	575.62	-91.1336456230762	42.1215064004844	935.0712	918.1156	946.374933333333	619.0566376	574.180044	648.974366666667	87.4478032721125	60.7197555677004	1
143	19107	19	107	IA	Keokuk County	579.18	-92.1812403031083	41.3352775060584	1034.14768	1018.0142	1044.90333333333	582.726444	540.98229	610.55588	91.1156164046338	49.337165594391	0
144	19109	19	109	IA	Kossuth County	972.72	-94.2167633045493	43.2059610095573	930.91188	920.9249	937.569866666667	534.693916	505.02378	554.474006666667	98.8344677127956	88.3146013953435	0
145	19111	19	111	IA	Lee County	517.52	-91.483846263973	40.641819092876	1113.18352	1095.7016	1124.83813333333	566.456304	554.58953	574.367486666667	74.0379927618345	44.8188110277838	1
146	19113	19	113	IA	Linn County	716.88	-91.602453870065	42.0750344513666	975.68848	966.1092	982.074666666667	614.007952	581.99871	635.347446666667	88.5350679784555	57.7728922293244	1
147	19115	19	115	IA	Louisa County	401.77	-91.2608377164101	41.2177195567046	1069.33724	1051.1415	1081.46773333333	577.28716	549.59027	595.751753333333	85.3138396998237	56.7182838471374	1
148	19117	19	117	IA	Lucas County	430.59	-93.3313072310486	41.0307175301665	1026.33596	993.3228	1048.34473333333	614.855744	558.28696	652.568266666667	76.4105092286419	21.6617567486322	0
149	19119	19	119	IA	Lyon County	587.65	-96.2134934707608	43.3813796686593	941.76728	925.8022	952.410666666667	463.1252564	426.79034	487.348534	98.5010823727263	81.6589617606191	0
150	19121	19	121	IA	Madison County	561.01	-94.0240177099657	41.3324783119408	1027.787	1003.5277	1043.95986666667	554.3799916	489.71049	597.492992666667	85.0585588532833	46.155172153466	0
151	19123	19	123	IA	Mahaska County	570.86	-92.6441759163203	41.3352059389756	1030.81988	1009.5547	1044.99666666667	597.197172	550.37269	628.413493333333	92.0809693152718	60.5407003224415	0
152	19125	19	125	IA	Marion County	554.53	-93.1018615755068	41.3354483081613	1041.21056	1013.4515	1059.7166	595.7002	542.10469	631.43054	83.6937751531613	44.6052716616927	0
153	19127	19	127	IA	Marshall County	572.5	-93.0055616879962	42.0354828374265	972.18836	959.7415	980.486266666667	593.15528	533.04094	633.231506666667	96.1922364402004	76.1698659672623	0
154	19129	19	129	IA	Mills County	437.44	-95.6270532755466	41.0363144535244	1085.0096	1059.1761	1102.23193333333	578.391896	533.16286	608.544586666667	93.7608719461911	71.2432191268941	0
155	19131	19	131	IA	Mitchell County	469.13	-92.7938741042565	43.3575150870147	865.36312	849.5448	875.908666666667	632.119348	626.66314	635.75682	96.2785050754071	80.2977671178965	0
156	19133	19	133	IA	Monona County	694.07	-95.9646806690168	42.0501669218853	1051.91708	1042.0512	1058.49433333333	537.270884	524.99314	545.456046666667	92.2709417188342	68.4919497362965	0
157	19135	19	135	IA	Monroe County	433.72	-92.8716310399265	41.0305951978547	1035.24272	1007.7788	1053.552	601.939116	564.14652	627.13418	71.8702075535454	22.5107708203369	0
158	19137	19	137	IA	Montgomery County	424.1	-95.164849342789	41.0350066555452	1067.06424	1043.3023	1082.90553333333	596.029188	550.56785	626.336746666667	96.2651401791166	67.4104107089888	0
159	19139	19	139	IA	Muscatine County	437.47	-91.1102310058683	41.4828984722347	1055.97864	1034.7305	1070.14406666667	578.8910116	544.59836	601.752779333333	86.8647802993723	56.7017286335104	0
160	19141	19	141	IA	O'Brien County	573.04	-95.6349668601551	43.0855777239609	939.35792	903.3457	963.366066666667	504.9447896	477.60917	523.168536	99.0683036967305	87.1992975640774	1
161	19143	19	143	IA	Osceola County	398.68	-95.6321292676151	43.3778198159493	910.03192	875.9449	932.7566	499.024116	473.00187	516.37228	99.5046026803252	87.6922376962187	0
162	19145	19	145	IA	Page County	534.94	-95.1590456850611	40.74417650249	1080.46116	1057.681	1095.64793333333	609.684296	561.68891	641.68122	95.1076261328524	64.0318851818688	0
163	19147	19	147	IA	Palo Alto County	563.84	-94.6883452906904	43.0825763057526	944.92416	930.9298	954.253733333333	542.773656	520.61422	557.546613333333	99.1904575699324	85.9135826879841	0
164	19149	19	149	IA	Plymouth County	862.89	-96.2200687267705	42.7421355657155	1006.99176	991.6761	1017.2022	486.84823472	468.1947	499.283924533333	97.4878204385812	75.2416240168482	1
165	19151	19	151	IA	Pocahontas County	577.24	-94.6875069023838	42.736336798309	960.15468	951.6439	965.828533333333	553.10692	532.87824	566.592706666667	99.5311252693207	89.9316870059952	1
166	19153	19	153	IA	Polk County	573.79	-93.5782530884236	41.6843762313459	1029.26428	997.5844	1050.3842	606.0797312	524.900798	660.19902	91.3050487680361	45.1304978673841	1
167	19155	19	155	IA	Pottawattamie County	950.28	-95.5483138513686	41.3395347966492	1056.69732	1036.3028	1070.29366666667	580.64554208	549.003913	601.739961466667	96.20898068693	72.5670926866967	1
168	19157	19	157	IA	Poweshiek County	584.93	-92.5341030332672	41.6867214508181	978.34976	964.854	987.346933333333	591.990196	522.53386	638.29442	96.8738131634416	66.4284883500123	0
169	19159	19	159	IA	Ringgold County	535.5	-94.2507950873117	40.7373145247517	1039.636	1019.2445	1053.23033333333	599.702836	513.83387	656.948813333333	87.8634606564896	32.3499405658876	0
170	19161	19	161	IA	Sac County	575.01	-95.1144229829235	42.3853380284084	963.50552	945.4784	975.5236	553.57438	529.44714	569.659206666667	99.0492044728739	85.3562712704602	0
171	19163	19	163	IA	Scott County	458.09	-90.625116870405	41.637910531349	1018.29436	991.0224	1036.47566666667	582.74844	556.73114	600.093306666667	92.4934828142188	62.8625890933201	1
172	19165	19	165	IA	Shelby County	590.78	-95.3173434871876	41.6846795245577	1012.81412	1002.1904	1019.8966	581.69913112	539.359339	609.9256592	99.1671588682724	84.740489704583	0
173	19167	19	167	IA	Sioux County	768.33	-96.184972202042	43.0869447359869	969.0956	952.9993	979.826466666667	478.35954184	456.32115	493.051803066667	98.7694850221153	83.910973197614	0
174	19169	19	169	IA	Story County	572.82	-93.4710879918254	42.0342958167594	985.43368	972.4534	994.0872	614.306408	525.58012	673.457266666667	96.330094370045	78.6086046497478	1
175	19171	19	171	IA	Tama County	721.01	-92.539033738102	42.0781848634347	958.63628	945.0486	967.694733333333	582.868284	542.0227	610.098673333333	93.2186972888345	66.2088050749811	0
176	19173	19	173	IA	Taylor County	531.9	-94.7063976410276	40.7422601143124	1061.03684	1036.4977	1077.39626666667	601.096784	527.1499	650.394706666667	89.4283750163677	47.0832787743878	0
177	19175	19	175	IA	Union County	423.65	-94.2496681807561	41.0315549039852	1029.1322	1006.93	1043.93366666667	590.946224	509.0827	645.521906666667	89.8894420316484	42.2539061966016	0
178	19177	19	177	IA	Van Buren County	484.79	-91.9540772776706	40.7522500331938	1097.64068	1085.32	1105.85446666667	577.4895432	547.96174	597.174745333333	73.2413403035105	32.2708942426725	0
179	19179	19	179	IA	Wapello County	431.83	-92.4138114250699	41.0305721586059	1058.66432	1038.948	1071.80853333333	586.3665984	561.70043	602.810710666667	78.8237167353663	39.1229786134747	0
180	19181	19	181	IA	Warren County	569.83	-93.5666464429775	41.3339920953532	1047.28332	1009.1352	1072.7154	587.678332	515.20683	635.992666666667	82.1505270735292	40.7604926619339	1
181	19183	19	183	IA	Washington County	568.84	-91.7165766443502	41.3340375540653	1046.55232	1031.5865	1056.52953333333	588.6647716	546.54313	616.745866	89.7774965651453	58.8545312506629	0
182	19185	19	185	IA	Wayne County	525.44	-93.3318849792114	40.7413174487811	1026.8682	988.0552	1052.74353333333	624.6860788	560.0407	667.782998	87.5742628948719	29.9017409783011	0
183	19187	19	187	IA	Webster County	715.62	-94.1907435580061	42.4290750711966	964.53	952.2758	972.699466666667	597.2920824	559.00777	622.814957333333	94.1696573778972	80.8209237089252	1
184	19189	19	189	IA	Winnebago County	400.49	-93.7390014567039	43.3767184707193	898.95156	889.664	905.143266666667	563.948052	544.47612	576.92934	98.8076874619049	85.2081226398069	0
185	19191	19	191	IA	Winneshiek County	689.87	-91.8456095396098	43.2912708821642	873.8906	856.5344	885.4614	620.743024	569.68091	654.784433333333	87.0211616564398	48.2372290982002	1
186	19193	19	193	IA	Woodbury County	872.83	-96.0510054168184	42.3910997161597	1013.30324	1007.3971	1017.24066666667	521.3149504	490.72608	541.707530666667	96.895895077835	67.1337225903644	1
187	19195	19	195	IA	Worth County	400.12	-93.2650811902784	43.3772688845446	878.5478	865.2459	887.415733333333	604.614228	578.15655	622.25268	97.9351986032226	82.6367500189779	0
188	19197	19	197	IA	Wright County	580.42	-93.7382407302052	42.7335262108727	931.48912	914.6452	942.7184	580.827956	548.2471	602.548526666667	98.1804246489947	86.7561199140281	0
189	26001	26	001	MI	Alcona County	674.59	-83.5941127519736	44.685802506183	682.62312	683.8047	681.8354	426.564636	384.98852	454.282046666667	25.8005515279823	2.31398016674758	0
190	26003	26	003	MI	Alger County	915.07	-86.5940811062062	46.4121189881725	579.0126	590.0742	571.6382	404.50706	382.44346	419.216126666667	16.8076849506647	1.2216043782158	0
191	26005	26	005	MI	Allegan County	825.23	-85.9007854844978	42.5947698783139	900.70656	877.6346	916.087866666667	496.022432	456.80466	522.167613333333	67.3940685453944	35.8518694636598	1
192	26007	26	007	MI	Alpena County	571.86	-83.6363493902827	45.036165425995	694.15264	688.0194	698.241466666667	409.73146	375.58648	432.49478	35.3520265574621	6.31896991407003	0
193	26009	26	009	MI	Antrim County	475.7	-85.1503906147069	45.0021021203073	739.00752	727.6277	746.594066666667	396.67868	409.2246	388.314733333333	47.1066435312409	12.6339785350843	1
194	26011	26	011	MI	Arenac County	363.19	-83.8937384066044	44.0698210742979	790.71212	782.1983	796.388	433.0549	420.43087	441.47092	51.1817351797889	19.555990501652	0
195	26013	26	013	MI	Baraga County	898.26	-88.3617341181054	46.6629550418409	609.73812	627.4006	597.963133333333	419.5414	418.22477	420.419153333333	14.7407152110642	0.685336259305376	0
196	26015	26	015	MI	Barry County	553.09	-85.3117053564847	42.5992085512666	895.41164	876.7044	907.883133333333	506.745748	483.53707	522.2182	59.9607802902332	28.0175419953806	0
197	26017	26	017	MI	Bay County	442.3	-83.9933415627263	43.7113457318849	843.86836	834.7007	849.980133333333	440.516104	422.12972	452.773693333333	80.5084830121527	52.7432247314817	0
198	26019	26	019	MI	Benzie County	319.7	-86.0197780324981	44.6397420289295	760.06868	747.7227	768.299333333333	406.9995408	406.343232	407.43708	39.825824118272	6.14543586367196	0
199	26021	26	021	MI	Berrien County	567.75	-86.4234514333942	41.9616150810632	936.8258	930.8921	940.7816	467.155344	439.9432	485.296773333333	76.5541432628147	41.253708752627	1
200	26023	26	023	MI	Branch County	506.37	-85.0639675835987	41.9185704660857	908.43984	896.9933	916.070866666667	516.4618168	511.60436	519.700121333333	76.585713666941	53.7009925599651	0
201	26025	26	025	MI	Calhoun County	706.23	-85.0123227378479	42.2500409217617	900.3716	883.2454	911.789066666667	505.912244	500.74654	509.356046666667	66.6290165568417	38.2259578367226	1
202	26027	26	027	MI	Cass County	490.06	-85.9983680471759	41.9191598177334	924.92224	906.9393	936.910866666667	535.177836	503.34975	556.39656	70.0876899961186	43.6724310712542	0
203	26029	26	029	MI	Charlevoix County	416.34	-85.0398624243222	45.2252083112555	701.59016	696.9599	704.677	399.028096	415.59363	387.984406666667	43.6754559355537	11.9370268153508	1
204	26031	26	031	MI	Cheboygan County	715.26	-84.4971457489004	45.4477421794131	695.06892	691.3747	697.531733333333	386.760124	394.37326	381.6847	36.2259703091595	4.50014257174907	1
205	26033	26	033	MI	Chippewa County	1558.42	-84.6205266542202	46.3029271609975	601.71784	597.2385	604.704066666667	398.011772	415.68249	386.231293333333	28.989369055437	3.87550827645513	1
206	26035	26	035	MI	Clare County	564.32	-84.8514794530359	43.9929058456141	776.43404	760.5373	787.031866666667	461.368668	445.53836	471.922206666667	38.6028057383274	6.59701400007869	0
207	26037	26	037	MI	Clinton County	566.41	-84.6035650315571	42.949420428659	888.88948	866.1065	904.078133333333	441.088476	424.19507	452.350746666667	81.434561129696	50.0729038284209	0
208	26039	26	039	MI	Crawford County	556.28	-84.6143622322341	44.6860906048111	720.7898	706.1297	730.5632	421.849988	414.00074	427.08282	35.4153242277841	0.523420631532392	0
209	26041	26	041	MI	Delta County	1171.1	-86.9169824466538	45.9187973883369	629.94796	622.7063	634.775733333333	394.55392	382.7907	402.396066666667	25.8616672098199	1.68643522035523	0
210	26043	26	043	MI	Dickinson County	761.4	-87.8656436308768	46.01060061241	663.05768	648.6698	672.6496	420.7142596	429.8179	414.645166	16.0745903251077	1.41637565676896	0
211	26045	26	045	MI	Eaton County	575.17	-84.8424733645854	42.599297762282	886.4036	857.1586	905.900266666667	472.678568	446.45547	490.160633333333	76.4721968237677	44.9055719591424	1
212	26047	26	047	MI	Emmet County	467.49	-84.8889492120479	45.5228326036675	632.6576	634.7765	631.245	417.177548	423.43437	413.006333333333	38.1739745433033	9.39173147422776	1
213	26049	26	049	MI	Genesee County	636.98	-83.7081874937846	43.0256913048713	872.66552	847.6963	889.311666666667	448.337312	401.40892	479.622906666667	74.7426188944557	22.0951903031985	1
214	26051	26	051	MI	Gladwin County	501.78	-84.389586233928	43.9962612912294	804.72152	791.402	813.6012	425.566804	403.24669	440.44688	42.1421834668628	8.89677093489635	0
215	26053	26	053	MI	Gogebic County	1101.85	-89.684564135676	46.4111640194583	638.59632	632.9136	642.3848	478.362424	477.43778	478.978853333333	11.6179897135302	1.30146660561583	1
216	26055	26	055	MI	Grand Traverse County	464.33	-85.5627757213075	44.6581437091873	763.11204	746.4707	774.206266666667	393.049864	395.33497	391.52646	52.4077479904358	13.1725085357068	1
217	26057	26	057	MI	Gratiot County	568.46	-84.6062313291861	43.2986692344628	873.81152	858.141	884.258533333333	456.783572	433.32578	472.4221	83.2895037274141	63.7133328368782	1
218	26059	26	059	MI	Hillsdale County	598.13	-84.5941990894359	41.8914449191438	868.8742	849.8839	881.5344	513.05276	514.88202	511.833253333333	73.2293797762771	39.8280781176572	1
219	26061	26	061	MI	Houghton County	1009.1	-88.6906173101097	46.8906064289976	612.21376	635.2943	596.826733333333	394.678184	375.96904	407.150946666667	15.1887684434177	1.53096035808868	1
220	26063	26	063	MI	Huron County	835.71	-83.0196696453386	43.837179198974	756.8824	743.0032	766.1352	426.811392	398.83116	445.46488	86.3421284886432	63.9786351828415	0
221	26065	26	065	MI	Ingham County	556.12	-84.376076629928	42.6009349082362	877.88432	848.8529	897.2386	459.293532	443.48997	469.82924	77.3013969781275	34.7893136995023	0
222	26067	26	067	MI	Ionia County	571.3	-85.0765143217408	42.950078040226	883.39568	861.9682	897.680666666667	477.280588	454.6744	492.35138	75.5463377540996	47.8817161641351	0
223	26069	26	069	MI	Iosco County	549.1	-83.6412220865589	44.3600553558246	735.87032	734.7717	736.602733333333	448.627288	435.97998	457.058826666667	33.9526237162358	3.99952923638218	0
224	26071	26	071	MI	Iron County	1166.15	-88.5248637621259	46.2118336249714	622.57404	625.2704	620.776466666667	438.905734	451.06055	430.802523333333	15.5017400974961	1.5673822478412	0
225	26073	26	073	MI	Isabella County	572.68	-84.8503915480739	43.6436391332119	834.92644	823.2903	842.683866666667	466.793176	434.28228	488.467106666667	69.6434332583765	37.1018998606793	0
226	26075	26	075	MI	Jackson County	701.67	-84.4280505048032	42.2517894823688	879.14148	857.8064	893.364866666667	479.4772104	484.48962	476.135604	62.0842175648087	24.6168145852549	1
227	26077	26	077	MI	Kalamazoo County	561.66	-85.5336687375751	42.2505274839716	922.77884	898.0558	939.260866666667	493.230516	488.06474	496.674366666667	66.934393929037	31.2744417301957	1
228	26079	26	079	MI	Kalkaska County	559.86	-85.0934072765935	44.6863444786476	728.24688	711.5159	739.400866666667	410.160204	397.41196	418.659033333333	36.5365104087338	4.05104136470611	0
229	26081	26	081	MI	Kent County	846.95	-85.5530293602168	43.0356193869071	858.48796	837.6289	872.394	486.612544	470.23281	497.532366666667	68.8767189339182	22.1533493113234	1
230	26083	26	083	MI	Keweenaw County	540.11	-88.4078492314087	47.5922531717372	550.85292	563.0128	542.746333333333	353.9787552	346.348628	359.065506666667	15.7158372028925	0.00545981151151922	1
231	26085	26	085	MI	Lake County	567.37	-85.8033180267157	43.9935305139259	782.85028	759.5607	798.376666666667	462.279704	451.12744	469.714546666667	23.730494942335	3.75187986129737	1
232	26087	26	087	MI	Lapeer County	643.01	-83.2202267591561	43.0941190833289	845.64436	818.4501	863.773866666667	440.362696	389.99452	473.94148	67.2765709172634	30.5485161415232	1
233	26089	26	089	MI	Leelanau County	347.17	-85.8071129182154	44.9104387917271	736.2096	730.618	739.937333333333	381.14226	394.10809	372.498373333333	56.7393735159649	14.7757463782127	0
234	26091	26	091	MI	Lenawee County	749.55	-84.0659434465722	41.8949069460235	925.05892	907.91	936.491533333333	489.262956	490.84265	488.209826666667	83.8431287461691	53.7577409526909	0
235	26093	26	093	MI	Livingston County	565.25	-83.9131300030827	42.6066510951986	868.53996	849.3603	881.3264	457.348976	430.50991	475.241686666667	61.5448812831737	15.6198445210507	0
236	26095	26	095	MI	Luce County	899.08	-85.5387067497997	46.4728681119429	569.14072	575.7939	564.705266666667	377.9429852	376.943463	378.609333333333	20.5131843364035	0.246577852459969	0
237	26097	26	097	MI	Mackinac County	1021.57	-85.1176357087463	46.0959003215349	609.293	615.0633	605.446133333333	401.857052	415.48832	392.76954	23.0187594311777	0.65868110668225	0
238	26099	26	099	MI	Macomb County	479.22	-82.9326265359888	42.701193062236	895.33644	875.7982	908.361933333333	451.294964	417.95622	473.520793333333	83.6704350389264	19.252220854357	1
239	26101	26	101	MI	Manistee County	542.15	-86.0588367385944	44.3378118484088	775.04984	760.7188	784.603866666667	436.307256	427.36984	442.265533333333	37.5741161701415	8.09713688390738	0
240	26103	26	103	MI	Marquette County	1808.4	-87.6361019494346	46.4321114684978	593.59468	599.5937	589.595333333333	428.329588	429.46133	427.575093333333	18.436525653098	0.219469153053071	0
241	26105	26	105	MI	Mason County	495.07	-86.2516647877513	43.9988848257895	786.04004	769.3734	797.151133333333	445.290156	419.98088	462.163006666667	48.0186234248273	17.4955768013375	0
242	26107	26	107	MI	Mecosta County	555.07	-85.3269176828018	43.6430193305024	804.57836	798.1663	808.853066666667	490.747792	465.6195	507.499986666667	51.826747010377	16.8723640686854	1
243	26109	26	109	MI	Menominee County	1044.08	-87.5533821588795	45.5852079453171	695.50192	677.1371	707.745133333333	420.351984	431.52607	412.902593333333	21.5532196447192	2.61707814160598	0
244	26111	26	111	MI	Midland County	516.25	-84.3911899638568	43.6501114175823	861.4336	849.4086	869.450266666667	453.886108	424.04064	473.783086666667	43.6317826508002	18.8481777545378	1
245	26113	26	113	MI	Missaukee County	564.73	-85.0938113404494	44.3418844868974	738.56632	720.8808	750.356666666667	440.337988	421.6464	452.799046666667	42.3309027370449	11.396738761322	0
246	26115	26	115	MI	Monroe County	549.39	-83.5375588730299	41.9254184933721	965.76188	948.6644	977.1602	440.488632	416.80609	456.276993333333	86.8069414032672	50.611750295653	1
247	26117	26	117	MI	Montcalm County	705.4	-85.153943377351	43.3157364629886	847.48004	838.3208	853.5862	483.385296	468.38671	493.384353333333	64.570572266346	36.372875024809	0
248	26119	26	119	MI	Montmorency County	546.66	-84.1271327722953	45.0304907524462	714.048	708.9951	717.4166	391.981464	378.16709	401.191046666667	28.4030436525778	2.98652477393755	0
249	26121	26	121	MI	Muskegon County	499.25	-86.1486503116924	43.2933890854849	814.36832	788.8051	831.410466666667	446.294424	435.82821	453.2719	54.1334184703609	16.2733926722182	1
250	26123	26	123	MI	Newaygo County	813.2	-85.8015196774318	43.5573356134873	801.57928	783.7389	813.472866666667	463.268028	449.2051	472.643313333333	38.4200804861291	15.3047351509906	1
251	26125	26	125	MI	Oakland County	867.66	-83.3871914315847	42.6647342179956	859.2844	838.0476	873.442266666667	450.919022	415.15297	474.763056666667	70.5855028454939	3.43469015058669	1
252	26127	26	127	MI	Oceana County	512.07	-86.265249785032	43.6425512787393	774.03816	756.1709	785.949666666667	466.475008	451.02288	476.776426666667	50.8232647167036	24.488296818345	0
253	26129	26	129	MI	Ogemaw County	563.49	-84.1298428954375	44.339963131083	732.5038	726.8693	736.260133333333	461.651016	438.24995	477.251726666667	39.9735214628327	6.39934503664386	0
254	26131	26	131	MI	Ontonagon County	1311.22	-89.3090727969128	46.6682731825688	652.17908	673.1037	638.229333333333	417.56868	404.64752	426.182786666667	14.6455355842575	1.76743078526688	0
255	26133	26	133	MI	Osceola County	566.39	-85.3276110861807	43.9926222186993	754.28212	746.5857	759.413066666667	484.727976	473.77677	492.02878	46.9619360477382	15.004912449896	0
256	26135	26	135	MI	Oscoda County	565.73	-84.1319012483758	44.6836961692969	714.9712	704.9166	721.674266666667	425.342916	398.77129	443.057333333333	28.0707396277333	1.60939254425012	0
257	26137	26	137	MI	Otsego County	514.97	-84.6019521462244	45.0242304265354	694.03452	686.7615	698.8832	415.463828	428.04487	407.076466666667	35.7848533288389	6.54364846323806	0
258	26139	26	139	MI	Ottawa County	563.47	-86.0081736951602	42.9630408034354	858.36568	829.0414	877.9152	455.574528	440.61634	465.546653333333	76.9002732954876	35.0363522368099	1
259	26141	26	141	MI	Presque Isle County	658.72	-83.9200339035971	45.3433227175789	691.17816	679.0458	699.2664	410.611032	413.63934	408.59216	35.132129181455	6.1777294987828	0
260	26143	26	143	MI	Roscommon County	519.64	-84.6147984243138	44.3398742545892	748.60216	730.6769	760.552333333333	416.126512	406.52751	422.525846666667	35.4926709150923	0.603424115179901	0
261	26145	26	145	MI	Saginaw County	800.11	-84.0520129339391	43.3390166146673	887.74516	867.6813	901.121066666667	448.312528	408.47243	474.872593333333	77.5266629020744	49.549079983379	1
262	26147	26	147	MI	St. Clair County	721.17	-82.6843558719486	42.953885809697	839.24896	824.3055	849.211266666667	450.251396	433.22748	461.600673333333	66.9619034440285	35.9563410778985	1
263	26149	26	149	MI	St. Joseph County	500.59	-85.5322150261512	41.9183871813787	933.71932	915.0676	946.1538	505.747832	492.18209	514.79166	76.6632110445708	52.5990639625585	0
264	26151	26	151	MI	Sanilac County	962.57	-82.8194235469971	43.4286660466232	785.08264	779.9921	788.476333333333	426.3241092	414.776603	434.022446666667	81.9539694463314	57.5600851177849	0
265	26153	26	153	MI	Schoolcraft County	1171.36	-86.1930586127602	46.1986987456779	591.15852	594.2647	589.087733333333	386.66856	366.76538	399.937346666667	30.8206107948287	0.451300348318682	1
266	26155	26	155	MI	Shiawassee County	530.67	-84.1485022798426	42.9563132075422	874.47476	850.0421	890.7632	459.947044	431.33594	479.021113333333	81.3379214299032	48.5030764176825	0
267	26157	26	157	MI	Tuscola County	803.13	-83.4170638768453	43.4697971863012	839.19236	820.3039	851.784666666667	443.313292	422.88326	456.933313333333	73.6441020419055	49.4150372283693	0
268	26159	26	159	MI	Van Buren County	607.47	-86.025965224419	42.2554052442448	919.87584	903.6694	930.680133333333	498.683504	466.56448	520.096186666667	63.6344231071813	39.3982238956564	1
269	26161	26	161	MI	Washtenaw County	705.97	-83.8424675674272	42.2576705242197	892.31972	876.8182	902.654066666667	488.310364	475.71323	496.708453333333	69.7475939626658	23.9743133886535	1
270	26163	26	163	MI	Wayne County	612.08	-83.2912971229944	42.2892686247196	962.15024	938.5714	977.869466666667	450.581396	446.99245	452.974026666667	88.4967220440417	3.6644097133839	1
271	26165	26	165	MI	Wexford County	565	-85.5780982992044	44.3410273539981	741.53424	715.2671	759.045666666667	471.052732	458.79121	479.22708	35.1436973416761	7.63127761989953	0
272	27001	27	001	MN	Aitkin County	1821.66	-93.4140539186062	46.6050848564671	715.26392	713.6802	716.319733333333	481.7069	489.75027	476.344653333333	37.2578210655023	1.58597419418878	0
273	27003	27	003	MN	Anoka County	423.01	-93.2488640575367	45.2750023388234	873.07072	862.1899	880.3246	571.172738	605.574046	548.238532666667	78.430979322581	10.9298075077937	0
274	27005	27	005	MN	Becker County	1315.2	-95.6769983838748	46.9347851918808	733.02468	733.3514	732.806866666667	439.772106	428.42024	447.340016666667	57.4435774332833	22.8684166453309	0
275	27007	27	007	MN	Beltrami County	2504.94	-94.9392534522077	47.9753280308118	700.40468	693.3467	705.11	397.062574	458.04529	356.40743	49.1712178939945	2.52892827506751	1
276	27009	27	009	MN	Benton County	408.3	-93.9971225764036	45.6973538739722	818.09128	814.7256	820.335066666667	501.0724596	499.299769	502.254253333333	86.1533912541273	40.8741895685509	0
277	27011	27	011	MN	Big Stone County	499.02	-96.4184774758491	45.4271994357173	872.50132	887.8111	862.2948	404.0314952	393.044768	411.35598	98.7058166837879	68.3738783831946	0
278	27013	27	013	MN	Blue Earth County	747.84	-94.0710427393062	44.0361197707782	922.27624	904.9604	933.820133333333	547.610504	528.4576	560.379106666667	93.6514278466333	75.5558273537726	0
279	27015	27	015	MN	Brown County	611.09	-94.7286030673616	44.2416937541402	915.35172	904.0209	922.9056	507.47692	487.47833	520.809313333333	96.0231371306452	80.7407994175268	0
280	27017	27	017	MN	Carlton County	861.38	-92.6741763597719	46.5905787842723	667.74716	667.1401	668.151866666667	513.664496	520.20322	509.305346666667	32.4627278996723	0.94826432768877	1
281	27019	27	019	MN	Carver County	354.33	-93.8060503823968	44.8229194462759	892.89996	894.0479	892.134666666667	555.949332	565.3013	549.714686666667	91.3499595573263	44.7204013114311	1
282	27021	27	021	MN	Cass County	2021.54	-94.3263292369571	46.9488203085703	724.68044	719.9361	727.843333333333	440.508256	462.47542	425.86348	39.7667176949834	1.44601486490393	1
283	27023	27	023	MN	Chippewa County	581.12	-95.5691910879426	45.0249185184316	911.05396	907.5241	913.4072	441.808524	408.01759	464.335813333333	98.4918720795545	82.0366922857295	0
284	27025	27	025	MN	Chisago County	414.86	-92.9048252875363	45.5033133320193	848.73016	836.063	857.174933333333	529.189444	561.56367	507.606626666667	75.1079277029532	24.9255904576197	0
285	27027	27	027	MN	Clay County	1045.37	-96.4906594549038	46.8917191563205	839.69292	837.1806	841.3678	383.4285864	378.69285	386.585744	95.3364312743984	77.0653688781769	1
286	27029	27	029	MN	Clearwater County	998.94	-95.38209798023	47.5787989814949	689.46916	694.316	686.237933333333	435.9738312	479.97297	406.641072	43.6970804825122	3.67319181747962	1
287	27031	27	031	MN	Cook County	1452.28	-90.537232730352	47.8979975698614	503.73152	502.7361	504.395133333333	485.3524736	460.58298	501.865469333333	24.0915887826435	0.0144432058431125	1
288	27033	27	033	MN	Cottonwood County	638.61	-95.1865878005206	44.0075916982256	893.35192	881.7818	901.065333333333	510.3171232	493.48752	521.536858666667	99.2429234296895	84.2556191846492	0
289	27035	27	035	MN	Crow Wing County	999.09	-94.069719639227	46.480104935721	756.43368	742.655	765.619466666667	461.602452	463.62827	460.251906666667	46.9406686388404	3.35653951565132	0
290	27037	27	037	MN	Dakota County	562.17	-93.0684288113506	44.6750955772671	889.48648	877.3925	897.549133333333	555.555096	551.14598	558.494506666667	90.8267562056567	44.1039756317346	1
291	27039	27	039	MN	Dodge County	439.28	-92.8663435018994	44.0215175797006	839.06496	830.4382	844.816133333333	593.72646	586.87905	598.2914	95.6633212027451	78.9458786540895	0
292	27041	27	041	MN	Douglas County	637.3	-95.4533892326859	45.9327260372944	794.028	803.801	787.512666666667	467.0764348	445.250017	481.62738	89.0452500472765	45.1776788650522	0
293	27043	27	043	MN	Faribault County	712.48	-93.9497117848051	43.6743400686393	927.97492	905.4447	942.995066666667	533.316964	511.54785	547.829706666667	97.4361350298337	85.4818623339186	0
294	27045	27	045	MN	Fillmore County	861.3	-92.0916297986636	43.6726013855331	840.4752	821.0182	853.446533333333	606.057296	574.94607	626.798113333333	80.6786897667342	41.6100690957418	0
295	27047	27	047	MN	Freeborn County	707.09	-93.3533729500314	43.673924787659	877.30152	855.9916	891.508133333333	585.7	561.21615	602.022566666667	97.6687600283033	79.3915674349967	0
296	27049	27	049	MN	Goodhue County	756.84	-92.7231116825042	44.4108999017584	841.90584	845.8236	839.294	587.72528	593.85733	583.637246666667	82.9320857280045	51.6510738209423	0
297	27051	27	051	MN	Grant County	548.16	-96.0120660793205	45.9327782356316	839.02592	850.3492	831.477066666667	418.487868	388.15343	438.710826666667	97.6594409500802	75.6399885858828	0
298	27053	27	053	MN	Hennepin County	553.59	-93.4780240704838	45.0077218046027	894.15752	881.842	902.367866666667	536.276844	554.91627	523.85056	92.2324331260241	9.30120854051955	0
299	27055	27	055	MN	Houston County	552.06	-91.4900203839895	43.6707790243951	870.86464	856.557	880.403066666667	622.917588	568.72493	659.046026666667	59.6455224444976	18.2815189475181	1
300	27057	27	057	MN	Hubbard County	925.67	-94.9175727375493	47.1094433101493	700.2224	699.2034	700.901733333333	444.93832	478.71466	422.42076	35.1206318502644	6.39663709854095	1
301	27059	27	059	MN	Isanti County	435.79	-93.2967049158753	45.563109874093	824.97236	810.824	834.4046	536.7957192	533.916178	538.715413333333	76.0855291757983	35.9555025228828	0
302	27061	27	061	MN	Itasca County	2667.72	-93.6320880346306	47.5102446036874	661.90428	667.383	658.2518	440.951752	468.46928	422.606733333333	29.8859052275017	0.34146129254892	0
303	27063	27	063	MN	Jackson County	702.98	-95.1607340800651	43.6732826470666	905.45388	885.6157	918.679333333333	500.7285312	467.20951	523.074545333333	97.98784636749	83.1101072655958	0
304	27065	27	065	MN	Kanabec County	521.59	-93.2922508486565	45.9447757966285	763.556	757.0848	767.870133333333	504.67086	478.10104	522.384073333333	55.3170805488207	10.8784247161946	0
305	27067	27	067	MN	Kandiyohi County	796.78	-95.0065145769805	45.152994321049	872.19396	884.4697	864.010133333333	479.8376928	472.697332	484.597933333333	93.8806426838881	63.9638657488556	1
306	27069	27	069	MN	Kittson County	1098.8	-96.7830760266842	48.7757916225051	716.86524	730.0293	708.0892	393.160636	385.86291	398.025786666667	89.7968864000183	73.0756213515973	1
307	27071	27	071	MN	Koochiching County	3104.07	-93.7831608253973	48.2463841615327	668.19564	680.9516	659.691666666667	447.8478184	466.52469	435.396570666667	17.8420846503144	0.636618306259864	0
308	27073	27	073	MN	Lac qui Parle County	765.02	-96.1767268634262	44.9946464098413	921.84616	921.4404	922.116666666667	404.1788852	381.840393	419.071213333333	98.3190373538394	74.7949521503333	0
309	27075	27	075	MN	Lake County	2109.29	-91.4470318219937	47.6317071089443	567.66468	573.4312	563.820333333333	460.163924	456.43561	462.649466666667	19.7277798548097	0.0216742513968648	1
310	27077	27	077	MN	Lake of the Woods County	1297.87	-94.9035945186576	48.7717089091456	663.25544	673.3999	656.492466666667	418.9641372	466.85182	387.039015333333	55.2946326452593	3.66047001521304	0
311	27079	27	079	MN	Le Sueur County	448.76	-93.7352600562342	44.3730706127223	891.13448	879.4509	898.923533333333	555.577804	558.70284	553.494446666667	92.666210703985	61.0179503607301	0
312	27081	27	081	MN	Lincoln County	536.76	-96.2701481479664	44.4123661021822	836.85536	829.8724	841.510666666667	490.0465052	452.58043	515.023888666667	99.1930439690922	66.0362090928276	0
313	27083	27	083	MN	Lyon County	714.56	-95.8393790034086	44.4138997497755	914.67928	900.7935	923.936466666667	452.071926	436.31824	462.574383333333	98.9365410849724	79.3826687356254	0
314	27085	27	085	MN	McLeod County	491.47	-94.2728545868373	44.8247300896313	880.25136	881.8974	879.154	512.4240096	483.863324	531.464466666667	96.0086578215008	73.6871539155095	0
315	27087	27	087	MN	Mahnomen County	557.88	-95.8132058514092	47.3270130761717	735.17244	740.0982	731.8886	419.3043964	441.83316	404.285220666667	68.5442839804739	38.9075196736515	0
316	27089	27	089	MN	Marshall County	1775.07	-96.3623592280739	48.3580674875914	723.3002	745.392	708.572333333333	391.5442868	402.2944	384.377544666667	88.4226513907118	65.301555058175	0
317	27091	27	091	MN	Martin County	712.35	-94.5528243927448	43.6727184550264	923.34464	902.4118	937.299866666667	513.223548	492.61321	526.963773333333	98.36683571118	83.605873204354	0
318	27093	27	093	MN	Meeker County	608.18	-94.5288572195433	45.1240481150781	867.586	879.7342	859.4872	486.3414048	483.524952	488.21904	93.7276346850256	66.1764611291094	0
319	27095	27	095	MN	Mille Lacs County	572.31	-93.630586605375	45.9344359831203	759.14552	749.003	765.9072	505.010464	480.17215	521.56934	64.3589008348143	12.6213148640643	0
320	27097	27	097	MN	Morrison County	1125.06	-94.2651932681208	46.0107282405794	807.41584	808.8729	806.444466666667	465.48865	465.713615	465.338673333333	71.5908643688092	23.5244335744631	0
321	27099	27	099	MN	Mower County	711.33	-92.7558853433019	43.670764613306	825.92808	806.2649	839.036866666667	613.70592	613.83518	613.619746666667	97.4302795803466	81.6743823553868	0
322	27101	27	101	MN	Murray County	704.7	-95.7684568707844	44.022031608958	875.87356	868.8905	880.528933333333	487.931032	462.85211	504.650313333333	99.3548622914268	81.2242033891132	0
323	27103	27	103	MN	Nicollet County	448.49	-94.2509043758727	44.3518115462078	897.27108	892.2063	900.6476	533.118628	522.64743	540.099426666667	94.7523132764174	74.5173469418441	0
324	27105	27	105	MN	Nobles County	715.11	-95.7609267664588	43.6730711467835	874.45704	854.0609	888.054466666667	507.30392	474.65068	529.072746666667	99.2542440023575	84.8231383878105	0
325	27107	27	107	MN	Norman County	872.79	-96.4582342967829	47.3280369265431	812.49064	806.867	816.239733333333	379.1042944	395.577937	368.121866	94.0667624516516	82.4091826717984	0
326	27109	27	109	MN	Olmsted County	653.35	-92.4057589955196	44.0034836676742	843.28552	835.4459	848.511933333333	589.739964	593.09668	587.502153333333	88.0736161038266	45.2277920401623	1
327	27111	27	111	MN	Otter Tail County	1972.07	-95.7105317781844	46.4073346848119	779.48168	789.4449	772.839533333333	451.5117764	423.56016	470.146187333333	80.0405087114349	32.7243280024669	0
328	27113	27	113	MN	Pennington County	616.57	-96.0360057574727	48.0660070840897	725.69424	744.9768	712.8392	389.2711128	438.46339	356.476261333333	92.0910221332291	64.6154628594678	0
329	27115	27	115	MN	Pine County	1411.29	-92.7366697606601	46.1206614026234	736.0444	734.6742	736.957866666667	514.63752	507.90611	519.125126666667	41.2422833518287	5.21419397645525	0
330	27117	27	117	MN	Pipestone County	465.05	-96.2624188026136	44.0235604089153	855.3298	846.2349	861.393066666667	486.9123808	446.152095	514.085904666667	99.5738327060068	73.5425211861582	0
331	27119	27	119	MN	Polk County	1971.13	-96.4003281157341	47.774466718818	770.98828	777.3881	766.721733333333	372.5564032	417.76316	342.418565333333	93.1943113900037	74.0196540040925	0
332	27121	27	121	MN	Pope County	669.71	-95.4427864150809	45.5862371385399	839.33568	841.1017	838.158333333333	454.8806884	447.982876	459.47923	94.9564278105791	63.6491460837249	0
333	27123	27	123	MN	Ramsey County	152.21	-93.0994025792713	45.023030238176	908.37748	901.4245	913.0128	562.3310148	563.55494	561.515064666667	93.4293724080964	0.763707116736277	1
334	27125	27	125	MN	Red Lake County	432.41	-96.0992294973292	47.8732092679979	741.353	749.8925	735.66	389.8094232	448.68495	350.559072	89.0698388830953	69.5449437748082	0
335	27127	27	127	MN	Redwood County	878.57	-95.2535129077508	44.4053042130447	927.62224	910.9001	938.770333333333	473.9380412	454.92211	486.615328666667	97.8240412768284	85.7626401022775	0
336	27129	27	129	MN	Renville County	982.91	-94.9467279773245	44.7278652134174	896.90632	894.0073	898.839	475.2911436	441.53159	497.797512666667	97.4553404056459	85.6492252667078	0
337	27131	27	131	MN	Rice County	495.68	-93.2997787936435	44.3551619556577	880.74984	868.2694	889.070133333333	571.36604	560.26703	578.76538	90.2964749045729	53.3239608491844	0
338	27133	27	133	MN	Rock County	482.45	-96.2591637438374	43.6734198965339	895.6808	881.2428	905.306133333333	461.5941428	414.985571	492.666524	99.1213323859205	81.4598822666274	1
339	27135	27	135	MN	Roseau County	1671.6	-95.8137318559122	48.7770242401603	677.89884	693.2662	667.653933333333	411.9732672	435.862347	396.047214	76.1801080132778	40.935106149686	0
340	27137	27	137	MN	St. Louis County	6247.4	-92.4699368595705	47.6060646668913	617.76872	630.3472	609.383066666667	437.589364	446.19939	431.849346666667	27.0046293526316	0.193383122718921	1
341	27139	27	139	MN	Scott County	356.48	-93.5413597998441	44.6502484781862	896.70376	887.178	903.054266666667	550.06728	578.91914	530.832706666667	86.7820707241626	34.0262393923817	0
342	27141	27	141	MN	Sherburne County	432.92	-93.7772420807591	45.4463296204381	847.41576	842.0104	851.019333333333	502.776562	492.188685	509.835146666667	76.1056579757815	33.0916835616719	0
343	27143	27	143	MN	Sibley County	588.78	-94.2364372202024	44.5809210320054	890.41444	891.61	889.6174	512.2010404	487.461691	528.69394	95.917295757688	79.6872105409411	0
344	27145	27	145	MN	Stearns County	1343.13	-94.6126840660989	45.5525900652858	838.74088	852.5375	829.543133333333	492.5407168	494.684552	491.111493333333	88.5393099494504	45.6959871965356	0
345	27147	27	147	MN	Steele County	429.65	-93.2308371003199	44.0217442638003	874.53836	864.033	881.541933333333	582.863216	571.08703	590.714006666667	96.6983278148211	76.1918507259089	0
346	27149	27	149	MN	Stevens County	563.6	-96.0005056671036	45.5850756416763	863.67364	869.587	859.7314	424.077496	422.10024	425.395666666667	98.7220186832693	79.8160830351655	0
347	27151	27	151	MN	Swift County	742.08	-95.6868533578545	45.2834168071872	898.56964	901.6283	896.530533333333	425.5679584	417.16036	431.173024	97.9748796650997	75.9433239831894	0
348	27153	27	153	MN	Todd County	944.98	-94.8979402284357	46.0704663824327	776.65592	790.8986	767.1608	468.7608588	459.67525	474.817931333333	78.4183315369935	27.8721081098586	0
349	27155	27	155	MN	Traverse County	573.9	-96.4725412408613	45.7725575379993	864.69616	881.1849	853.703666666667	401.1587328	388.189562	409.804846666667	99.1590767400698	85.1863264277542	0
350	27157	27	157	MN	Wabasha County	522.98	-92.229229744194	44.2848326216363	850.42804	847.7818	852.1922	598.317244	605.52004	593.51538	77.4544060504569	33.760071075551	0
351	27159	27	159	MN	Wadena County	536.27	-94.973858136411	46.5844579434962	746.05148	756.6158	739.0086	440.55052	445.485	437.260866666667	62.0385877317661	18.4405559633462	0
352	27161	27	161	MN	Waseca County	423.36	-93.5925656706125	44.0241882639064	899.14056	881.1592	911.128133333333	571.589916	557.81738	580.771606666667	96.8314539941737	79.6665940032897	0
353	27163	27	163	MN	Washington County	384.28	-92.8821530271037	45.0397682084251	877.79384	884.8143	873.113533333333	565.548176	578.06383	557.204406666667	81.1932825114631	16.4835659431851	0
354	27165	27	165	MN	Watonwan County	434.95	-94.6170844829536	43.977124075179	922.40348	906.3474	933.107533333333	511.245628	492.91666	523.46494	98.471057571965	86.9478254067585	0
355	27167	27	167	MN	Wilkin County	750.96	-96.4672351308209	46.355540946967	861.14	870.3332	855.0112	401.0409552	370.06128	421.694072	98.4927830381348	86.9196640228624	0
356	27169	27	169	MN	Winona County	626.21	-91.7808152198119	43.9864588817272	850.07144	833.691	860.991733333333	619.836272	605.51012	629.38704	64.1531017968161	23.4262118744811	0
357	27171	27	171	MN	Wright County	661.46	-93.9649842082089	45.1755411764132	871.10188	868.5346	872.8134	499.25008	497.33008	500.53008	89.11625645253	42.9818655936424	0
358	27173	27	173	MN	Yellow Medicine County	759.1	-95.8713386539788	44.7159045518789	931.7982	922.3816	938.075933333333	432.3235344	401.82064	452.658797333333	98.5473125236254	80.2382436538629	0
359	29001	29	001	MO	Adair County	567.32	-92.6063652695219	40.1903195100743	1096.16432	1071.9677	1112.2954	598.9707144	562.23537	623.460944	70.5000153473096	13.3258847723994	0
360	29005	29	005	MO	Atchison County	547.3	-95.4327692445517	40.4337234691192	1127.6224	1104.742	1142.876	558.8583328	504.251632	595.2628	94.6897765646869	71.5584254459595	0
361	29045	29	045	MO	Clark County	504.69	-91.7442488120859	40.4108009366715	1123.9904	1108.945	1134.02066666667	579.6644568	557.74936	594.274521333333	73.6068756150101	38.9223341438476	0
362	29075	29	075	MO	Gentry County	491.42	-94.419564921432	40.2142271084566	1115.43076	1083.798	1136.51926666667	592.417436	536.03423	630.00624	82.4143209897293	31.6070775785639	0
363	29079	29	079	MO	Grundy County	435.28	-93.5724613301039	40.1112703571083	1132.4744	1080.738	1166.96533333333	593.6805156	583.73641	600.309919333333	84.6265368756002	34.7998374473587	0
364	29081	29	081	MO	Harrison County	722.5	-93.9997542420428	40.3551344816825	1088.3906	1047.8124	1115.44273333333	613.640132	575.92767	638.781773333333	81.692626036786	24.7989015411932	0
365	29087	29	087	MO	Holt County	462.69	-95.2215375165681	40.098767950984	1168.8996	1147.179	1183.38	574.620068	543.42893	595.41416	90.4019358782566	62.8820994234142	0
366	29103	29	103	MO	Knox County	504.01	-92.1534242493151	40.1281166709276	1122.63348	1103.571	1135.3418	590.168517908	570.10237	603.545949846667	81.5787031339909	36.4360899464388	0
367	29111	29	111	MO	Lewis County	505.04	-91.727439202265	40.0989703504843	1136.7716	1119.336	1148.39533333333	588.0742944	554.08211	610.735750666667	78.4049885799028	39.9108041696886	0
368	29129	29	129	MO	Mercer County	453.84	-93.5737844897419	40.4231940958443	1078.99856	1033.3657	1109.42046666667	610.770806	571.24626	637.120503333333	76.1388740181928	15.3756461927585	0
369	29147	29	147	MO	Nodaway County	876.96	-94.8939498614582	40.364922835336	1094.93912	1073.9683	1108.91966666667	609.530784	561.93334	641.262413333333	90.7807235255148	49.6861162091143	0
370	29171	29	171	MO	Putnam County	517.32	-93.0201297527821	40.4766840811176	1051.37168	1015.1893	1075.49326666667	633.470384	590.83121	661.8965	71.6679762216561	9.52932741784857	0
371	29197	29	197	MO	Schuyler County	307.3	-92.5276402543623	40.4697968046873	1070.56428	1044.3226	1088.05873333333	611.888156	579.23743	633.655306666667	76.8713198705089	12.9815760445895	0
372	29199	29	199	MO	Scotland County	436.67	-92.1533955938517	40.4535518671052	1109.88848	1095.567	1119.43613333333	587.9910584	564.32292	603.769817333333	81.3613986110285	37.020721902121	0
373	29211	29	211	MO	Sullivan County	647.98	-93.1174883445783	40.2071315831454	1090.69764	1054.5147	1114.8196	602.0159688	591.40669	609.088821333333	75.6944186948814	9.45373488679776	1
374	29227	29	227	MO	Worth County	266.61	-94.4308492377197	40.4813714940594	1075.0512	1052.0769	1090.3674	594.675308	510.21585	650.981613333333	77.7568303635724	22.3999076180109	0
375	39003	39	003	OH	Allen County	402.5	-84.0984137089731	40.7693991707684	1021.7452	994.2293	1040.08913333333	537.341132	549.61565	529.15812	92.4085550411769	66.8689437720746	1
376	39005	39	005	OH	Ashland County	422.95	-82.2667574989876	40.8446339159805	919.61884	885.7345	942.2084	537.588412	526.68873	544.854866666667	65.8354254770716	40.531788709549	0
377	39007	39	007	OH	Ashtabula County	701.93	-80.7493388193686	41.708537037543	858.52036	831.6524	876.432333333333	506.876768	482.73468	522.971493333333	54.58183581274	24.7863387641703	1
378	39011	39	011	OH	Auglaize County	401.39	-84.2113582216161	40.5606045187548	1014.88248	992.2915	1029.94313333333	535.396432	554.15013	522.893966666667	93.1750625235773	76.0109433725008	1
379	39013	39	013	OH	Belmont County	532.13	-80.9858861421591	40.0096454053047	945.03424	923.8033	959.1882	602.2015	581.50549	615.99884	42.4031309683436	5.77996509480978	0
380	39019	39	019	OH	Carroll County	394.61	-81.0851106787914	40.5762323484463	936.63736	901.4786	960.076533333333	548.698532	525.20739	564.359293333333	43.9733085932566	13.8174199758697	0
381	39021	39	021	OH	Champaign County	428.67	-83.7660382837339	40.1349662352541	988.746	962.8419	1006.0154	565.6139072	602.285548	541.166146666667	90.1102080432395	72.5010849475548	1
382	39029	39	029	OH	Columbiana County	531.89	-80.7761623490461	40.7673446576144	908.57724	878.8297	928.408933333333	531.54258	522.42445	537.621333333333	55.4947501841289	18.633124236639	0
383	39031	39	031	OH	Coshocton County	563.91	-81.9140741554946	40.2968585185427	945.95776	911.6914	968.802	548.534448	529.40113	561.289993333333	44.2997623332886	15.9092181806905	1
384	39033	39	033	OH	Crawford County	401.79	-82.914794803956	40.8487120869038	972.10636	936.2265	996.026266666667	534.767276	526.11002	540.53878	90.4642846682483	76.2125887879748	0
385	39035	39	035	OH	Cuyahoga County	457.19	-81.6518782634023	41.424180798767	942.90844	910.1754	964.730466666667	490.266264	461.1753	509.66024	80.3766315281942	0.376457778450254	1
386	39037	39	037	OH	Darke County	598.1	-84.6119956377986	40.1337622949017	999.30576	969.4178	1019.23106666667	528.698052	533.27434	525.647193333333	95.0128937376175	81.9369323637165	1
387	39039	39	039	OH	Defiance County	411.46	-84.4819451955958	41.3223799585443	995.3726	966.8865	1014.36333333333	476.360516	475.08639	477.209933333333	90.1645358297585	76.4086980410389	1
388	39041	39	041	OH	Delaware County	443.1	-83.0019197794316	40.2779745535011	1025.42524	999.9072	1042.43726666667	554.163628	556.60181	552.538173333333	81.7953667528428	46.5679446729993	1
389	39043	39	043	OH	Erie County	251.56	-82.600792711891	41.3548638059906	974.29612	935.6715	1000.04586666667	480.167228	455.13543	496.855093333333	82.2981621323882	55.6926881717439	1
390	39049	39	049	OH	Franklin County	532.19	-83.0085360307704	39.9647310397264	1058.59148	1032.0539	1076.2832	580.096412	590.62688	573.0761	90.2378213821437	20.4637351568365	1
391	39051	39	051	OH	Fulton County	405.44	-84.1212724671951	41.600349346506	966.3126	945.6977	980.055866666667	463.444596	452.58523	470.684173333333	93.0715743975672	80.678842030632	0
392	39055	39	055	OH	Geauga County	400.16	-81.172312589953	41.4962295922353	837.4964	811.1809	855.040066666667	563.66218	529.61204	586.362273333333	51.5422834861803	16.4727803662068	1
393	39059	39	059	OH	Guernsey County	522.25	-81.4900422700528	40.0456059225833	976.796	944.7201	998.179933333333	534.682488	523.03172	542.449666666667	37.1713871954133	9.53722800849254	0
394	39063	39	063	OH	Hancock County	531.36	-83.6597413762248	40.996694528057	1018.01704	984.0052	1040.6916	525.1991	522.90594	526.727873333333	93.9285802548624	79.4943334282856	1
395	39065	39	065	OH	Hardin County	470.4	-83.654679214074	40.6572588680229	996.9328	971.1992	1014.08853333333	536.291608	515.1178	550.40748	93.0580651680318	79.8564716301518	0
396	39067	39	067	OH	Harrison County	402.34	-81.0846421160657	40.2893274622457	941.917	914.6004	960.128066666667	545.416484	519.66885	562.581573333333	37.6604361422786	7.5429849354244	0
397	39069	39	069	OH	Henry County	416.01	-84.0595899713897	41.3314711477666	1005.50864	976.8935	1024.5854	479.78506	473.03807	484.283053333333	95.7296528415302	85.1973935204261	0
398	39075	39	075	OH	Holmes County	422.53	-81.9242729071307	40.5613337584959	923.29316	896.3966	941.2242	546.48016	529.89079	557.53974	62.2710231777345	27.0778432927084	0
399	39077	39	077	OH	Huron County	491.49	-82.5921713853819	41.1427568243697	966.54028	931.5436	989.8714	515.596568	504.66574	522.883786666667	82.3335334593112	68.6437407142007	1
400	39081	39	081	OH	Jefferson County	408.33	-80.7601407341195	40.3832391678995	935.38932	910.6636	951.873133333333	564.779272	527.37449	589.715793333333	34.7414049884773	7.18110447444011	0
401	39083	39	083	OH	Knox County	525.49	-82.4156595996868	40.3977354489851	929.5438	899.1245	949.823333333333	576.904236	577.96299	576.1984	65.2866736763994	37.5472611330861	0
402	39085	39	085	OH	Lake County	227.49	-81.2321257023951	41.6929355819399	897.27476	867.9596	916.8182	522.718404	467.162	559.756006666667	66.0568771092271	8.80804416589255	1
403	39089	39	089	OH	Licking County	682.5	-82.4796883132837	40.0867726296275	956.5704	917.0615	982.909666666667	569.285264	578.73251	562.9871	63.7094744121016	32.7011127634688	1
404	39091	39	091	OH	Logan County	458.43	-83.7613307977414	40.3852227869349	979.41336	954.48	996.0356	551.092976	554.4092	548.88216	85.9636679666066	61.6228995658274	1
405	39093	39	093	OH	Lorain County	491.1	-82.1471912376097	41.2966858469748	957.66252	920.5383	982.412	496.351656	464.67706	517.468053333333	72.5706292666507	29.1232615883213	1
406	39095	39	095	OH	Lucas County	340.86	-83.6490727377168	41.6175584703682	995.87924	978.6472	1007.36726666667	455.6905296	431.42194	471.869589333333	87.788809846164	30.2116211709849	1
407	39099	39	099	OH	Mahoning County	411.62	-80.7754396713802	41.0125096878101	904.19276	876.4616	922.6802	521.48828	512.0865	527.756133333333	68.3186934304131	16.947162753415	0
408	39101	39	101	OH	Marion County	403.76	-83.1601741183539	40.5878198744756	1008.17952	987.4829	1021.97726666667	525.026592	510.02864	535.025226666667	93.442410753456	77.9862723686462	0
409	39103	39	103	OH	Medina County	421.36	-81.8923470972925	41.1156791321063	928.8418	895.1508	951.302466666667	522.824408	513.38919	529.114553333333	67.36370855813	25.5559584386846	1
410	39107	39	107	OH	Mercer County	462.45	-84.6182805494361	40.5397085506209	1021.91732	999.2129	1037.0536	541.883408	558.21924	530.992853333333	95.6679584610107	77.3963851078304	0
411	39109	39	109	OH	Miami County	406.58	-84.2235709054443	40.0513177138425	1029.18304	1003.2122	1046.49693333333	534.50212	556.6917	519.709066666667	92.7834926477916	70.4151707918583	1
412	39117	39	117	OH	Morrow County	406.08	-82.7904851752236	40.5244009301451	962.19348	928.9354	984.365533333333	562.202044	556.97377	565.68756	73.9057591446277	56.9956465005731	0
413	39123	39	123	OH	Ottawa County	254.92	-83.1657169511187	41.5326527687399	998.9702	971.5736	1017.2346	454.7293116	420.259073	477.709470666667	97.3444003395494	63.7397770254279	1
414	39125	39	125	OH	Paulding County	416.44	-84.5693363597149	41.1149102360608	1006.26152	979.7989	1023.90326666667	503.796884	491.16514	512.218046666667	95.2071581695092	85.3954777398995	0
415	39133	39	133	OH	Portage County	487.38	-81.1911069586417	41.1639544035798	896.86828	871.1097	914.040666666667	524.6582	513.61342	532.021386666667	59.2476003971952	17.7532634101296	1
416	39137	39	137	OH	Putnam County	482.52	-84.1212274343593	41.0184378934698	1016.06844	981.3465	1039.2164	528.197356	513.57625	537.94476	96.792453923392	86.4968451791208	0
417	39139	39	139	OH	Richland County	495.27	-82.5320732701231	40.7739537223199	918.21672	885.6202	939.947733333333	566.026044	562.38129	568.45588	65.8048221850754	36.9045419036179	1
418	39143	39	143	OH	Sandusky County	408.45	-83.1400652688622	41.3533015567142	1001.09172	974.7772	1018.63473333333	487.9748608	462.247666	505.126324	93.6493176116115	74.3281313665349	1
419	39147	39	147	OH	Seneca County	551.02	-83.1237899671125	41.1194442272275	1003.67204	974.4741	1023.13733333333	507.6923656	493.057334	517.449053333333	91.8402648484412	79.5226219495023	0
420	39149	39	149	OH	Shelby County	407.68	-84.2012012661942	40.3277301533637	998.43668	968.6407	1018.30066666667	541.093588	559.3493	528.923113333333	91.358598010426	72.4512070236821	0
421	39151	39	151	OH	Stark County	575.27	-81.3586763090679	40.8106298721768	933.63132	899.4544	956.415933333333	533.211324	536.18737	531.227293333333	75.5822814484744	22.2779949864469	1
422	39153	39	153	OH	Summit County	412.75	-81.5211327220204	41.1244685603394	925.53784	891.5813	948.175533333333	511.464212	515.11765	509.028586666667	69.64793859595	2.45509252974978	1
423	39155	39	155	OH	Trumbull County	618.3	-80.7626104210171	41.3134764958133	891.22968	868.7565	906.2118	523.359124	492.90812	543.659793333333	60.0893720098916	21.4057399085388	0
424	39157	39	157	OH	Tuscarawas County	567.64	-81.4689413959956	40.4351896134023	945.857	912.2109	968.287733333333	556.681492	531.40063	573.5354	46.3518418466693	14.4153192908918	0
425	39159	39	159	OH	Union County	431.73	-83.367804467546	40.2970963561856	1010.47448	988.0996	1025.39106666667	541.411928	562.31238	527.478293333333	92.6131105177582	74.3435862647978	0
426	39161	39	161	OH	Van Wert County	409.16	-84.5756235145963	40.8547525633809	1021.04052	992.8742	1039.81806666667	544.571268	535.88823	550.35996	97.0834252943179	86.8214348651039	0
427	39169	39	169	OH	Wayne County	554.93	-81.8827803667839	40.8284724172057	921.3282	887.2678	944.035133333333	523.111512	508.96077	532.54534	82.9787816973148	50.2589708911488	1
428	39171	39	171	OH	Williams County	420.97	-84.5760471847019	41.5610715791581	943.48968	919.0342	959.793333333333	501.723968	497.82426	504.323773333333	89.2022641134705	60.4344515979544	0
429	39173	39	173	OH	Wood County	617.2	-83.6161153741411	41.3594305548026	1010.71012	980.5346	1030.82713333333	473.7799792	453.29126	487.439125333333	96.0462951995804	79.4695905740086	1
430	39175	39	175	OH	Wyandot County	406.86	-83.2977464703704	40.8393942469705	1014.8092	994.153	1028.58	508.024216	489.79051	520.18002	91.5021308628979	75.4467206491029	0
431	55001	55	001	WI	Adams County	645.65	-89.7661341223778	43.9698990139968	853.02728	846.027	857.694133333333	558.301072	551.1888	563.042586666667	53.0320193478265	25.0995634096058	0
432	55003	55	003	WI	Ashland County	1045.04	-90.6833181555893	46.2637653464041	650.77056	652.7684	649.438666666667	508.458696	496.24105	516.603793333333	17.5611318521281	2.23942949725752	0
433	55005	55	005	WI	Barron County	862.71	-91.8503786257848	45.4257998839607	781.063	778.9649	782.461733333333	519.0433	549.95968	498.43238	65.1458311049623	23.8663024239732	0
434	55007	55	007	WI	Bayfield County	1477.86	-91.2044805084417	46.5252889294051	631.79068	636.5479	628.6192	536.09676	525.06765	543.4495	23.6840432251363	0.619119077685689	1
435	55009	55	009	WI	Brown County	529.71	-87.9993580873803	44.4524626476222	781.1922	765.7803	791.4668	460.56088	472.54057	452.57442	85.0015550842125	30.9797552160524	0
436	55011	55	011	WI	Buffalo County	671.64	-91.7564954430278	44.3817197278384	858.0848	844.7461	866.977266666667	602.018392	604.33131	600.476446666667	51.4252423399316	26.9510259697043	1
437	55013	55	013	WI	Burnett County	821.85	-92.3634875383923	45.8631165226277	795.06684	786.6927	800.6496	500.5375	508.36179	495.321306666667	40.5979370622507	5.24415810113899	1
438	55015	55	015	WI	Calumet County	318.24	-88.2139660599471	44.082634912943	801.33324	781.9833	814.2332	499.743264	471.93557	518.281726666667	89.6229949613611	37.3669872861029	0
439	55017	55	017	WI	Chippewa County	1008.37	-91.2796385639822	45.0698000561831	798.393	796.8583	799.416133333333	519.3673732	540.658723	505.17314	59.8506360698044	40.2463715790796	0
440	55019	55	019	WI	Clark County	1209.82	-90.6095449863009	44.7352798590743	784.60884	768.0221	795.666666666667	520.162308	519.77767	520.418733333333	58.1609076980948	45.6387350487636	1
441	55021	55	021	WI	Columbia County	765.53	-89.3334440085005	43.4692673710986	877.36316	869.3944	882.675666666667	578.65048	548.03453	599.061113333333	78.319656672285	49.0480410853756	1
442	55023	55	023	WI	Crawford County	570.66	-90.9277714998558	43.2412268627262	867.65312	843.9664	883.444266666667	622.751764	587.14404	646.490246666667	47.694807457382	21.9866021572111	0
443	55025	55	025	WI	Dane County	1197.24	-89.4166334083297	43.0676661555713	876.03236	856.5189	889.041333333333	603.397076	576.35785	621.423226666667	85.3927815395734	44.2165355518044	1
444	55027	55	027	WI	Dodge County	875.62	-88.7061823513614	43.4180630805419	849.99216	854.1258	847.2364	543.2240488	525.08126	555.319241333333	92.3320045841464	51.1345149937875	0
445	55029	55	029	WI	Door County	481.98	-87.3310252841833	44.923001549974	694.9978	698.1458	692.899133333333	426.934684	452.06354	410.182113333333	67.1424199321228	14.287634541297	1
446	55031	55	031	WI	Douglas County	1304.14	-91.9134007608685	46.4312001754793	671.23576	659.3299	679.173	533.938936	523.67122	540.78408	24.068379115323	0.384679985750835	1
447	55033	55	033	WI	Dunn County	850.11	-91.8986127312386	44.9476383005022	835.21556	833.4322	836.404466666667	539.230548	545.68519	534.927453333333	64.9222703159239	41.8343044029769	0
448	55035	55	035	WI	Eau Claire County	637.98	-91.2871587347041	44.7252273740456	836.56668	823.915	845.001133333333	546.488708	557.18212	539.359766666667	56.3893741527134	29.9394245034627	1
449	55037	55	037	WI	Florence County	488.2	-88.3908350338903	45.8506691827774	654.16696	647.0269	658.927	441.299276	467.01877	424.152946666667	17.0995812908003	4.85038754928477	0
450	55039	55	039	WI	Fond du Lac County	719.55	-88.4853068995303	43.7558566218199	843.34404	830.4657	851.9296	498.347188	469.82833	517.35976	88.5553004865346	43.5344361211395	0
451	55041	55	041	WI	Forest County	1014.07	-88.7641886126364	45.6693112005536	638.71548	630.4606	644.218733333333	472.253124	489.64044	460.66158	14.8934188080893	2.66020097584484	0
452	55043	55	043	WI	Grant County	1146.85	-90.705223922673	42.8697998002683	880.77192	848.6079	902.2146	597.928036	571.99766	615.214953333333	72.6449336586751	42.3105689140735	1
453	55045	55	045	WI	Green County	583.96	-89.5978312062511	42.6774757457558	902.33112	874.6527	920.7834	587.316432	567.1103	600.787186666667	88.2847020677534	42.5573583904814	0
454	55047	55	047	WI	Green Lake County	349.44	-89.0404773437671	43.8017209128796	859.74472	857.5243	861.225	537.749056	528.45305	543.946393333333	85.5772595237963	47.2416768027963	0
455	55049	55	049	WI	Iowa County	762.58	-90.1331158398579	43.0013188301264	867.39044	834.5215	889.303066666667	596.01036	599.8979	593.418666666667	69.0533722569315	38.1368483676922	0
456	55051	55	051	WI	Iron County	758.17	-90.2362278547493	46.2635527428136	637.02464	634.9187	638.4286	525.962016	513.61767	534.19158	18.6617750455209	1.67910175481972	0
457	55053	55	053	WI	Jackson County	987.72	-90.8011208855888	44.3198032855505	840.31116	825.5167	850.174133333333	579.861328	545.70148	602.63456	44.3707726197001	19.8588790823116	1
458	55055	55	055	WI	Jefferson County	556.47	-88.7733504528554	43.020965024945	893.19768	883.5986	899.597066666667	568.714212	543.94305	585.22832	86.4567992577717	48.7250584269927	0
459	55057	55	057	WI	Juneau County	766.93	-90.1124445854105	43.927527687528	857.13168	851.1776	861.101066666667	546.719656	527.21812	559.72068	55.7402752735549	23.5696112920683	0
460	55059	55	059	WI	Kenosha County	271.99	-88.0302036001242	42.5730382556784	844.72696	852.9096	839.271866666667	517.79642	513.32256	520.778993333333	83.9676336200784	38.7167136563241	1
461	55061	55	061	WI	Kewaunee County	342.52	-87.6134496630098	44.5174163330971	700.9846	707.4701	696.660933333333	446.326348	456.27305	439.695213333333	81.0870651091316	22.821412454987	0
462	55063	55	063	WI	La Crosse County	451.69	-91.1165682206844	43.9073679721588	888.21072	874.3936	897.422133333333	577.088816	527.27522	610.29788	54.6760996484136	26.4711258292387	0
463	55065	55	065	WI	Lafayette County	633.59	-90.129359929015	42.6591907915056	894.06932	872.138	908.6902	593.482836	580.49354	602.142366666667	90.5671923090034	55.2811275671384	0
464	55067	55	067	WI	Langlade County	870.64	-89.0655682176379	45.2639151504762	667.325	655.1928	675.413133333333	471.900668	479.49688	466.836526666667	26.7573954611141	14.6485209077772	0
465	55069	55	069	WI	Lincoln County	878.97	-89.7309898298939	45.3392994848229	706.75932	696.9066	713.3278	479.466064	486.6484	474.67784	25.7181942019531	10.6533642869477	0
466	55071	55	071	WI	Manitowoc County	589.08	-87.8067721292335	44.1199541959138	732.77016	727.5092	736.277466666667	484.459028	471.93952	492.805366666667	82.0673363336617	30.1307089307939	0
467	55073	55	073	WI	Marathon County	1544.98	-89.7531258449936	44.8981618599169	755.19624	744.769	762.147733333333	499.125408	500.00991	498.53574	56.7035273366689	42.1832579554562	1
468	55075	55	075	WI	Marinette County	1399.35	-88.0284925975047	45.3842942213114	732.54104	711.0319	746.880466666667	451.312974	462.4817	443.867156666667	27.6226309150413	9.59020829255374	0
469	55077	55	077	WI	Marquette County	455.6	-89.3943679792565	43.8201243231027	866.25192	858.7143	871.277	555.921132	543.21536	564.391646666667	62.8113962726926	36.6229277280573	1
470	55078	55	078	WI	Menominee County	357.61	-88.7042676706556	45.005149708471	732.35596	724.6663	737.4824	478.865124	486.61107	473.70116	12.4324678643458	0.561631772094539	0
471	55079	55	079	WI	Milwaukee County	241.4	-87.9561461898194	43.0083853993108	840.49064	837.5322	842.462933333333	510.30328	491.36948	522.925813333333	90.4451884057164	4.56816668941257	1
472	55081	55	081	WI	Monroe County	900.78	-90.6185972164345	43.9456863460562	835.44116	834.3993	836.135733333333	572.807512	543.66592	592.23524	55.1409699192266	27.8489839136756	0
473	55083	55	083	WI	Oconto County	997.99	-88.2596848412497	45.0261649614117	761.49628	747.0828	771.105266666667	457.891596	467.05414	451.783233333333	41.9360556372921	20.9309902503596	1
474	55085	55	085	WI	Oneida County	1112.97	-89.5181573068773	45.7061496978705	669.75612	665.6339	672.504266666667	476.650664	477.98698	475.759786666667	25.4977807742008	2.62360244957582	0
475	55087	55	087	WI	Outagamie County	637.52	-88.4586160810062	44.4163732112349	815.46428	795.071	829.0598	487.19322	486.72305	487.506666666667	82.3030935302353	44.7385121000654	0
476	55089	55	089	WI	Ozaukee County	233.08	-87.9437544681417	43.3832277603925	789.01468	785.235	791.534466666667	522.150384	505.00094	533.583346666667	81.2928564062566	37.7041965690183	1
477	55091	55	091	WI	Pepin County	231.98	-92.0048134272174	44.5822642272285	864.2682	861.3015	866.246	571.280168	589.08012	559.413533333333	62.5930286644572	36.3371416942846	0
478	55093	55	093	WI	Pierce County	573.75	-92.4216512375049	44.7189276781465	818.56408	819.5165	817.929133333333	580.93592	576.04462	584.196786666667	72.19578380228	48.560969023233	0
479	55095	55	095	WI	Polk County	913.96	-92.4416593806841	45.4639502482644	806.59416	801.897	809.7256	532.367536	570.12621	507.195086666667	56.642412466644	12.7078150693205	0
480	55097	55	097	WI	Portage County	800.68	-89.4950883851421	44.4740905328861	802.92248	783.0311	816.1834	524.001724	526.09933	522.60332	63.2071458774141	40.9045525555534	0
481	55099	55	099	WI	Price County	1254.38	-90.358737774547	45.6826113476646	683.89404	681.5946	685.427	506.402648	509.86731	504.092873333333	20.7232619284355	5.95203734509254	0
482	55101	55	101	WI	Racine County	332.5	-88.0526577954093	42.745112158744	840.5646	847.2704	836.094066666667	531.24816	525.67467	534.96382	84.9513585909216	46.3735672356081	1
483	55103	55	103	WI	Richland County	586.15	-90.4312259197461	43.3784939901357	849.53412	830.3229	862.3416	618.381888	616.81539	619.42622	54.768608543757	30.2975907415167	0
484	55105	55	105	WI	Rock County	718.14	-89.0630706451998	42.6680611246059	902.91624	895.5023	907.858866666667	574.13858	546.11498	592.82098	89.621124595392	60.1416486045201	0
485	55107	55	107	WI	Rusk County	913.59	-91.1333471944265	45.4758948471549	749.84872	750.3391	749.5218	536.501244	554.13222	524.74726	31.4754335281646	11.7244058589437	0
486	55109	55	109	WI	St. Croix County	722.33	-92.4528593782386	45.0342504664675	823.08384	832.2056	817.002666666667	538.363892	544.65738	534.168233333333	79.4738363280003	36.2602000908089	0
487	55111	55	111	WI	Sauk County	830.9	-89.9486407489965	43.4295991795544	840.92808	820.763	854.371466666667	613.735524	605.97461	618.909466666667	62.6503462023859	36.6642285833702	1
488	55113	55	113	WI	Sawyer County	1257.3	-91.144134346077	45.8806275365624	698.11956	695.4855	699.8756	548.09086	551.0825	546.096433333333	21.3964774814293	1.80404509650192	0
489	55115	55	115	WI	Shawano County	893.06	-88.7584652144007	44.7898771067571	773.29716	758.0329	783.473333333333	486.99996	499.6644	478.557	51.6113537533423	27.4174683375677	0
490	55117	55	117	WI	Sheboygan County	511.27	-87.9401462041197	43.7228253470264	763.18632	752.3287	770.424733333333	490.318712	487.76517	492.021073333333	78.202206174856	41.0807301677931	1
491	55119	55	119	WI	Taylor County	974.88	-90.4996179031557	45.2124535708937	717.18856	712.7316	720.159866666667	533.791956	539.58831	529.92772	37.373439203433	25.3811653526503	1
492	55121	55	121	WI	Trempealeau County	732.96	-91.358313570886	44.3035151494458	872.3256	859.9283	880.590466666667	593.735484	568.81701	610.3478	60.906465508373	35.1154147580508	1
493	55123	55	123	WI	Vernon County	791.58	-90.8348227949801	43.5924112969026	821.52204	815.8439	825.307466666667	617.482184	578.40643	643.532686666667	58.4865491288836	31.8996588452824	0
494	55125	55	125	WI	Vilas County	856.6	-89.5097320842348	46.0552945209025	645.40936	640.9148	648.405733333333	497.408708	519.16104	482.907153333333	27.9671281706545	1.10445245042798	0
495	55127	55	127	WI	Walworth County	555.13	-88.5337301200096	42.6662452510988	879.85868	895.9398	869.137933333333	547.239796	517.78006	566.87962	83.4989626736973	53.5230296063574	0
496	55129	55	129	WI	Washburn County	797.11	-91.7916703252971	45.8999771084524	765.46144	760.7045	768.632733333333	499.711464	512.06546	491.475466666667	28.0581402554368	2.6044316595567	0
497	55131	55	131	WI	Washington County	430.7	-88.2264993783128	43.3723114195363	789.5312	789.449	789.586	534.926392	526.09327	540.81514	75.8533604823589	33.4093474432384	0
498	55133	55	133	WI	Waukesha County	549.57	-88.2983558337055	43.0188707977554	842.0984	849.4829	837.1754	554.299188	541.1398	563.072113333333	78.6232837781805	24.5634611890441	1
499	55135	55	135	WI	Waupaca County	747.71	-88.9571695495882	44.4708379537445	817.12028	800.7134	828.0582	506.361632	520.05725	497.23122	58.7757651752844	35.220832626063	0
500	55137	55	137	WI	Waushara County	626.15	-89.2390219961549	44.1138908955653	827.32788	817.0268	834.195266666667	546.284896	548.78899	544.6155	62.369124532675	43.115442190848	1
501	55139	55	139	WI	Winnebago County	434.49	-88.6427253258533	44.0706340896965	849.38824	835.797	858.449066666667	496.323884	485.60522	503.46966	94.1785164401015	36.4210965484913	1
502	55141	55	141	WI	Wood County	793.12	-90.0375555606484	44.4554095062364	809.89504	793.2516	820.990666666667	520.5105	504.94982	530.884286666667	58.9554844050789	33.5139560893721	1
